5.900000e+00 2.094395e-02 -1.784259e-04 2.336755e-03 -7.979448e-05
5.900000e+00 3.183814e-02 -2.421908e-04 2.896366e-03 -6.991447e-05
5.900000e+00 4.770840e-02 -7.002472e-04 7.452584e-03 -1.218974e-04
5.900000e+00 7.025257e-02 -4.412487e-04 1.220501e-02 -4.480202e-05
5.900000e+00 9.773653e-02 -7.334420e-04 1.858873e-02 -5.110132e-05
5.900000e+00 1.368335e-01 -3.056876e-04 2.618207e-02 -1.217889e-05
5.900000e+00 1.929536e-01 -1.775453e-04 3.814948e-02 -4.353745e-06
5.900000e+00 2.695639e-01 -2.098892e-04 5.399579e-02 -3.168522e-06
5.900000e+00 3.777252e-01 -2.203263e-04 7.221013e-02 -1.996542e-06
5.900000e+00 5.288205e-01 -1.849945e-04 9.162359e-02 -1.022209e-06
5.900000e+00 7.401737e-01 -1.623708e-04 1.112000e-01 -5.421404e-07
5.900000e+00 1.036455e+00 -1.345957e-04 1.260562e-01 -2.718090e-07
5.900000e+00 1.451071e+00 -1.066213e-04 1.287831e-01 -1.302074e-07
5.900000e+00 2.031429e+00 -9.763808e-05 1.180679e-01 -7.205898e-08
5.900000e+00 2.784068e+00 -1.005025e-04 1.070534e-01 -5.033616e-08
5.900000e+00 3.580407e+00 -1.145909e-04 9.363171e-02 -9.133599e-08
6.040000e+00 2.094395e-02 -4.206184e-04 2.245192e-03 -1.881063e-04
6.040000e+00 3.183814e-02 -7.251425e-04 2.783234e-03 -2.093306e-04
6.040000e+00 4.770840e-02 -2.189824e-03 7.161094e-03 -3.811995e-04
6.040000e+00 7.025257e-02 -1.173543e-03 1.173089e-02 -1.191552e-04
6.040000e+00 9.773653e-02 -1.599055e-03 1.786221e-02 -1.114114e-04
6.040000e+00 1.368335e-01 -8.485765e-04 2.515315e-02 -3.380810e-05
6.040000e+00 1.929536e-01 -6.454989e-04 3.665310e-02 -1.582885e-05
6.040000e+00 2.695639e-01 -7.919716e-04 5.184325e-02 -1.195574e-05
6.040000e+00 3.777252e-01 -7.139174e-04 6.928532e-02 -6.469340e-06
6.040000e+00 5.288205e-01 -6.547301e-04 8.786686e-02 -3.617791e-06
6.040000e+00 7.401737e-01 -5.612575e-04 1.064542e-01 -1.873984e-06
6.040000e+00 1.036455e+00 -4.685490e-04 1.205748e-01 -9.462103e-07
6.040000e+00 1.451071e+00 -3.672435e-04 1.232454e-01 -4.484830e-07
6.040000e+00 2.031429e+00 -3.220583e-04 1.133901e-01 -2.376859e-07
6.040000e+00 2.784068e+00 -3.243575e-04 1.039628e-01 -1.624528e-07
6.040000e+00 3.580407e+00 -3.772148e-04 9.148588e-02 -3.006634e-07
6.180000e+00 2.094395e-02 -9.943444e-04 2.158840e-03 -4.446844e-04
6.180000e+00 3.183814e-02 -1.513585e-03 2.676608e-03 -4.369344e-04
6.180000e+00 4.770840e-02 -3.891399e-03 6.885339e-03 -6.774057e-04
6.180000e+00 7.025257e-02 -2.513280e-03 1.128349e-02 -2.551850e-04
6.180000e+00 9.773653e-02 -2.342281e-03 1.717658e-02 -1.631945e-04
6.180000e+00 1.368335e-01 -2.135332e-03 2.418644e-02 -8.507368e-05
6.180000e+00 1.929536e-01 -1.845368e-03 3.524029e-02 -4.525191e-05
6.180000e+00 2.695639e-01 -1.875466e-03 4.981446e-02 -2.831235e-05
6.180000e+00 3.777252e-01 -1.785070e-03 6.651307e-02 -1.617585e-05
6.180000e+00 5.288205e-01 -1.520316e-03 8.431081e-02 -8.400692e-06
6.180000e+00 7.401737e-01 -1.247106e-03 1.020198e-01 -4.163964e-06
6.180000e+00 1.036455e+00 -1.007093e-03 1.154759e-01 -2.033773e-06
6.180000e+00 1.451071e+00 -8.225786e-04 1.180347e-01 -1.004545e-06
6.180000e+00 2.031429e+00 -7.352326e-04 1.091149e-01 -5.426173e-07
6.180000e+00 2.784068e+00 -7.448976e-04 1.011571e-01 -3.730782e-07
6.180000e+00 3.580407e+00 -8.155284e-04 8.943322e-02 -6.500263e-07
6.320000e+00 2.094395e-02 -1.883072e-03 2.077376e-03 -8.421355e-04
6.320000e+00 3.183814e-02 -2.597359e-03 2.576125e-03 -7.497930e-04
6.320000e+00 4.770840e-02 -5.770956e-03 6.625844e-03 -1.004595e-03
6.320000e+00 7.025257e-02 -4.408958e-03 1.086097e-02 -4.476619e-04
6.320000e+00 9.773653e-02 -4.168481e-03 1.653176e-02 -2.904319e-04
6.320000e+00 1.368335e-01 -4.849413e-03 2.327289e-02 -1.932052e-04
6.320000e+00 1.929536e-01 -3.633744e-03 3.390659e-02 -8.910626e-05
6.320000e+00 2.695639e-01 -3.662414e-03 4.791112e-02 -5.528841e-05
6.320000e+00 3.777252e-01 -3.360355e-03 6.391525e-02 -3.045069e-05
6.320000e+00 5.288205e-01 -2.802432e-03 8.100771e-02 -1.548518e-05
6.320000e+00 7.401737e-01 -2.399282e-03 9.789904e-02 -8.010971e-06
6.320000e+00 1.036455e+00 -1.968358e-03 1.106881e-01 -3.974996e-06
6.320000e+00 1.451071e+00 -1.601790e-03 1.131448e-01 -1.956128e-06
6.320000e+00 2.031429e+00 -1.401435e-03 1.052551e-01 -1.034289e-06
6.320000e+00 2.784068e+00 -1.408010e-03 9.855504e-02 -7.051949e-07
6.320000e+00 3.580407e+00 -1.574773e-03 8.748575e-02 -1.255191e-06
6.470000e+00 2.094395e-02 -2.625744e-03 1.995082e-03 -1.174268e-03
6.470000e+00 3.183814e-02 -3.696992e-03 2.474521e-03 -1.067230e-03
6.470000e+00 4.770840e-02 -7.895482e-03 6.363095e-03 -1.374427e-03
6.470000e+00 7.025257e-02 -6.626349e-03 1.043351e-02 -6.728038e-04
6.470000e+00 9.773653e-02 -6.450780e-03 1.587919e-02 -4.494471e-04
6.470000e+00 1.368335e-01 -7.795601e-03 2.234695e-02 -3.105842e-04
6.470000e+00 1.929536e-01 -6.379123e-03 3.255939e-02 -1.564281e-04
6.470000e+00 2.695639e-01 -6.536391e-03 4.597878e-02 -9.867445e-05
6.470000e+00 3.777252e-01 -5.634665e-03 6.130461e-02 -5.105992e-05
6.470000e+00 5.288205e-01 -4.894273e-03 7.764598e-02 -2.704390e-05
6.470000e+00 7.401737e-01 -4.026947e-03 9.375379e-02 -1.344558e-05
6.470000e+00 1.036455e+00 -3.315804e-03 1.059166e-01 -6.696094e-06
6.470000e+00 1.451071e+00 -2.684165e-03 1.083688e-01 -3.277941e-06
6.470000e+00 2.031429e+00 -2.339381e-03 1.013810e-01 -1.726513e-06
6.470000e+00 2.784068e+00 -2.360417e-03 9.601402e-02 -1.182203e-06
6.470000e+00 3.580407e+00 -2.574351e-03 8.560583e-02 -2.051916e-06
6.620000e+00 2.094395e-02 -3.343568e-03 1.917611e-03 -1.495289e-03
6.620000e+00 3.183814e-02 -4.837453e-03 2.378650e-03 -1.396452e-03
6.620000e+00 4.770840e-02 -9.907350e-03 6.115757e-03 -1.724648e-03
6.620000e+00 7.025257e-02 -9.374779e-03 1.003249e-02 -9.518646e-04
6.620000e+00 9.773653e-02 -1.059560e-02 1.526369e-02 -7.382303e-04
6.620000e+00 1.368335e-01 -1.091508e-02 2.147782e-02 -4.348671e-04
6.620000e+00 1.929536e-01 -9.986174e-03 3.128929e-02 -2.448798e-04
6.620000e+00 2.695639e-01 -9.836983e-03 4.416367e-02 -1.485007e-04
6.620000e+00 3.777252e-01 -8.926590e-03 5.883712e-02 -8.089051e-05
6.620000e+00 5.288205e-01 -7.579813e-03 7.450806e-02 -4.188317e-05
6.620000e+00 7.401737e-01 -6.389677e-03 8.982345e-02 -2.133451e-05
6.620000e+00 1.036455e+00 -5.216122e-03 1.014730e-01 -1.053369e-05
6.620000e+00 1.451071e+00 -4.222305e-03 1.038818e-01 -5.156340e-06
6.620000e+00 2.031429e+00 -3.591595e-03 9.781730e-02 -2.650673e-06
6.620000e+00 2.784068e+00 -3.603939e-03 9.367124e-02 -1.805015e-06
6.620000e+00 3.580407e+00 -3.939800e-03 8.372524e-02 -3.140263e-06
6.770000e+00 2.094395e-02 -4.068311e-03 1.844596e-03 -1.819404e-03
6.770000e+00 3.183814e-02 -5.467145e-03 2.288193e-03 -1.578229e-03
6.770000e+00 4.770840e-02 -1.145416e-02 5.883082e-03 -1.993913e-03
6.770000e+00 7.025257e-02 -1.203838e-02 9.652161e-03 -1.222312e-03
6.770000e+00 9.773653e-02 -1.430141e-02 1.468317e-02 -9.964263e-04
6.770000e+00 1.368335e-01 -1.384499e-02 2.065734e-02 -5.515976e-04
6.770000e+00 1.929536e-01 -1.368443e-02 3.010047e-02 -3.355680e-04
6.770000e+00 2.695639e-01 -1.358809e-02 4.246866e-02 -2.051281e-04
6.770000e+00 3.777252e-01 -1.228408e-02 5.654220e-02 -1.113153e-04
6.770000e+00 5.288205e-01 -1.062226e-02 7.156915e-02 -5.869458e-05
6.770000e+00 7.401737e-01 -8.870919e-03 8.615666e-02 -2.961914e-05
6.770000e+00 1.036455e+00 -7.344344e-03 9.725875e-02 -1.483152e-05
6.770000e+00 1.451071e+00 -5.890248e-03 9.964267e-02 -7.193255e-06
6.770000e+00 2.031429e+00 -4.956119e-03 9.456182e-02 -3.657721e-06
6.770000e+00 2.784068e+00 -4.954734e-03 9.146564e-02 -2.481554e-06
6.770000e+00 3.580407e+00 -5.306581e-03 8.194739e-02 -4.229671e-06
6.930000e+00 2.094395e-02 -4.611617e-03 1.771090e-03 -2.062378e-03
6.930000e+00 3.183814e-02 -5.547302e-03 2.197368e-03 -1.601368e-03
6.930000e+00 4.770840e-02 -1.286008e-02 5.648288e-03 -2.238652e-03
6.930000e+00 7.025257e-02 -1.500279e-02 9.268735e-03 -1.523302e-03
6.930000e+00 9.773653e-02 -1.760615e-02 1.409919e-02 -1.226679e-03
6.930000e+00 1.368335e-01 -1.750326e-02 1.983389e-02 -6.973466e-04
6.930000e+00 1.929536e-01 -1.827893e-02 2.889962e-02 -4.482339e-04
6.930000e+00 2.695639e-01 -1.745888e-02 4.075179e-02 -2.635622e-04
6.930000e+00 3.777252e-01 -1.619897e-02 5.423495e-02 -1.467910e-04
6.930000e+00 5.288205e-01 -1.417908e-02 6.859653e-02 -7.834824e-05
6.930000e+00 7.401737e-01 -1.196198e-02 8.250470e-02 -3.993990e-05
6.930000e+00 1.036455e+00 -9.824083e-03 9.312517e-02 -1.983923e-05
6.930000e+00 1.451071e+00 -7.827642e-03 9.550989e-02 -9.559228e-06
6.930000e+00 2.031429e+00 -6.592571e-03 9.132038e-02 -4.865458e-06
6.930000e+00 2.784068e+00 -6.560524e-03 8.938140e-02 -3.285805e-06
6.930000e+00 3.580407e+00 -6.912078e-03 8.022946e-02 -5.509351e-06
7.090000e+00 2.094395e-02 -4.615053e-03 1.701966e-03 -2.063914e-03
7.090000e+00 3.183814e-02 -5.782443e-03 2.111818e-03 -1.669247e-03
7.090000e+00 4.770840e-02 -1.340958e-02 5.428317e-03 -2.334308e-03
7.090000e+00 7.025257e-02 -1.681372e-02 8.909799e-03 -1.707174e-03
7.090000e+00 9.773653e-02 -2.000593e-02 1.354912e-02 -1.393879e-03
7.090000e+00 1.368335e-01 -2.104434e-02 1.905796e-02 -8.384264e-04
7.090000e+00 1.929536e-01 -2.269252e-02 2.776943e-02 -5.564633e-04
7.090000e+00 2.695639e-01 -2.202758e-02 3.914127e-02 -3.325321e-04
7.090000e+00 3.777252e-01 -2.046450e-02 5.206134e-02 -1.854442e-04
7.090000e+00 5.288205e-01 -1.787553e-02 6.580979e-02 -9.877341e-05
7.090000e+00 7.401737e-01 -1.508997e-02 7.912426e-02 -5.038394e-05
7.090000e+00 1.036455e+00 -1.247584e-02 8.925450e-02 -2.519431e-05
7.090000e+00 1.451071e+00 -1.004789e-02 9.166354e-02 -1.227063e-05
7.090000e+00 2.031429e+00 -8.319512e-03 8.836228e-02 -6.139977e-06
7.090000e+00 2.784068e+00 -8.225413e-03 8.741210e-02 -4.119656e-06
7.090000e+00 3.580407e+00 -8.542136e-03 7.857909e-02 -6.808608e-06
7.250000e+00 2.094395e-02 -4.449393e-03 1.636706e-03 -1.989829e-03
7.250000e+00 3.183814e-02 -5.691651e-03 2.031242e-03 -1.643038e-03
7.250000e+00 4.770840e-02 -1.337597e-02 5.220137e-03 -2.328458e-03
7.250000e+00 7.025257e-02 -1.791161e-02 8.569549e-03 -1.818648e-03
7.250000e+00 9.773653e-02 -2.215898e-02 1.302966e-02 -1.543889e-03
7.250000e+00 1.368335e-01 -2.403861e-02 1.832570e-02 -9.577210e-04
7.250000e+00 1.929536e-01 -2.639560e-02 2.669872e-02 -6.472700e-04
7.250000e+00 2.695639e-01 -2.659114e-02 3.762385e-02 -4.014242e-04
7.250000e+00 3.777252e-01 -2.470990e-02 5.002191e-02 -2.239149e-04
7.250000e+00 5.288205e-01 -2.161755e-02 6.318274e-02 -1.194504e-04
7.250000e+00 7.401737e-01 -1.846763e-02 7.591912e-02 -6.166163e-05
7.250000e+00 1.036455e+00 -1.520870e-02 8.562656e-02 -3.071318e-05
7.250000e+00 1.451071e+00 -1.227920e-02 8.811122e-02 -1.499554e-05
7.250000e+00 2.031429e+00 -1.018121e-02 8.556623e-02 -7.513950e-06
7.250000e+00 2.784068e+00 -9.959349e-03 8.548132e-02 -4.988090e-06
7.250000e+00 3.580407e+00 -1.029178e-02 7.678858e-02 -8.203185e-06
7.410000e+00 2.094395e-02 -4.213591e-03 1.575122e-03 -1.884375e-03
7.410000e+00 3.183814e-02 -5.387926e-03 1.954999e-03 -1.555360e-03
7.410000e+00 4.770840e-02 -1.291933e-02 5.023841e-03 -2.248966e-03
7.410000e+00 7.025257e-02 -1.846034e-02 8.248603e-03 -1.874363e-03
7.410000e+00 9.773653e-02 -2.333659e-02 1.254095e-02 -1.625938e-03
7.410000e+00 1.368335e-01 -2.629626e-02 1.763452e-02 -1.047668e-03
7.410000e+00 1.929536e-01 -2.950398e-02 2.569544e-02 -7.234933e-04
7.410000e+00 2.695639e-01 -3.052419e-02 3.619685e-02 -4.607983e-04
7.410000e+00 3.777252e-01 -2.882578e-02 4.809298e-02 -2.612119e-04
7.410000e+00 5.288205e-01 -2.547178e-02 6.072546e-02 -1.407474e-04
7.410000e+00 7.401737e-01 -2.185603e-02 7.290591e-02 -7.297515e-05
7.410000e+00 1.036455e+00 -1.802435e-02 8.220045e-02 -3.639924e-05
7.410000e+00 1.451071e+00 -1.443620e-02 8.476494e-02 -1.762970e-05
7.410000e+00 2.031429e+00 -1.198329e-02 8.300518e-02 -8.843920e-06
7.410000e+00 2.784068e+00 -1.165929e-02 8.370505e-02 -5.839499e-06
7.410000e+00 3.580407e+00 -1.191087e-02 7.533212e-02 -9.493692e-06
7.580000e+00 2.094395e-02 -3.838171e-03 1.513474e-03 -1.716482e-03
7.580000e+00 3.183814e-02 -4.891750e-03 1.878866e-03 -1.412127e-03
7.580000e+00 4.770840e-02 -1.209209e-02 4.827394e-03 -2.104963e-03
7.580000e+00 7.025257e-02 -1.830619e-02 7.928149e-03 -1.858712e-03
7.580000e+00 9.773653e-02 -2.405977e-02 1.205113e-02 -1.676324e-03
7.580000e+00 1.368335e-01 -2.801325e-02 1.694411e-02 -1.116075e-03
7.580000e+00 1.929536e-01 -3.212895e-02 2.468831e-02 -7.878625e-04
7.580000e+00 2.695639e-01 -3.380735e-02 3.476809e-02 -5.103614e-04
7.580000e+00 3.777252e-01 -3.281696e-02 4.616715e-02 -2.973791e-04
7.580000e+00 5.288205e-01 -2.929794e-02 5.828575e-02 -1.618893e-04
7.580000e+00 7.401737e-01 -2.516037e-02 6.991963e-02 -8.400803e-05
7.580000e+00 1.036455e+00 -2.084125e-02 7.879859e-02 -4.208783e-05
7.580000e+00 1.451071e+00 -1.665953e-02 8.146621e-02 -2.034486e-05
7.580000e+00 2.031429e+00 -1.375083e-02 8.046774e-02 -1.014840e-05
7.580000e+00 2.784068e+00 -1.336373e-02 8.198815e-02 -6.693155e-06
7.580000e+00 3.580407e+00 -1.353411e-02 7.377338e-02 -1.078752e-05
7.750000e+00 2.094395e-02 -3.497811e-03 1.455407e-03 -1.564269e-03
7.750000e+00 3.183814e-02 -4.357554e-03 1.806925e-03 -1.257917e-03
7.750000e+00 4.770840e-02 -1.105902e-02 4.641901e-03 -1.925128e-03
7.750000e+00 7.025257e-02 -1.762116e-02 7.625127e-03 -1.789157e-03
7.750000e+00 9.773653e-02 -2.402974e-02 1.158808e-02 -1.674231e-03
7.750000e+00 1.368335e-01 -2.888030e-02 1.629410e-02 -1.150619e-03
7.750000e+00 1.929536e-01 -3.397890e-02 2.374054e-02 -8.332266e-04
7.750000e+00 2.695639e-01 -3.657362e-02 3.342440e-02 -5.521215e-04
7.750000e+00 3.777252e-01 -3.595231e-02 4.435091e-02 -3.257908e-04
7.750000e+00 5.288205e-01 -3.258268e-02 5.597481e-02 -1.800395e-04
7.750000e+00 7.401737e-01 -2.806248e-02 6.710959e-02 -9.369788e-05
7.750000e+00 1.036455e+00 -2.331473e-02 7.569088e-02 -4.708288e-05
7.750000e+00 1.451071e+00 -1.862574e-02 7.836990e-02 -2.274602e-05
7.750000e+00 2.031429e+00 -1.541803e-02 7.808471e-02 -1.137884e-05
7.750000e+00 2.784068e+00 -1.486205e-02 8.033904e-02 -7.443585e-06
7.750000e+00 3.580407e+00 -1.487479e-02 7.221545e-02 -1.185612e-05
7.930000e+00 2.094395e-02 -3.205342e-03 1.397452e-03 -1.433472e-03
7.930000e+00 3.183814e-02 -3.901980e-03 1.735303e-03 -1.126405e-03
7.930000e+00 4.770840e-02 -1.003221e-02 4.457320e-03 -1.746384e-03
7.930000e+00 7.025257e-02 -1.665026e-02 7.323547e-03 -1.690578e-03
7.930000e+00 9.773653e-02 -2.329180e-02 1.112759e-02 -1.622817e-03
7.930000e+00 1.368335e-01 -2.867567e-02 1.564611e-02 -1.142466e-03
7.930000e+00 1.929536e-01 -3.479301e-02 2.279352e-02 -8.531903e-04
7.930000e+00 2.695639e-01 -3.846253e-02 3.208418e-02 -5.806368e-04
7.930000e+00 3.777252e-01 -3.818136e-02 4.254735e-02 -3.459899e-04
7.930000e+00 5.288205e-01 -3.522723e-02 5.367971e-02 -1.946523e-04
7.930000e+00 7.401737e-01 -3.050460e-02 6.428635e-02 -1.018519e-04
7.930000e+00 1.036455e+00 -2.551529e-02 7.257372e-02 -5.152680e-05
7.930000e+00 1.451071e+00 -2.031606e-02 7.535060e-02 -2.481027e-05
7.930000e+00 2.031429e+00 -1.688839e-02 7.578267e-02 -1.246399e-05
7.930000e+00 2.784068e+00 -1.623341e-02 7.869163e-02 -8.130421e-06
7.930000e+00 3.580407e+00 -1.609433e-02 7.072179e-02 -1.282817e-05
8.110000e+00 2.094395e-02 -2.962134e-03 1.342875e-03 -1.324706e-03
8.110000e+00 3.183814e-02 -3.560638e-03 1.667561e-03 -1.027868e-03
8.110000e+00 4.770840e-02 -9.134289e-03 4.283366e-03 -1.590076e-03
8.110000e+00 7.025257e-02 -1.536049e-02 7.039576e-03 -1.559621e-03
8.110000e+00 9.773653e-02 -2.202373e-02 1.069501e-02 -1.534466e-03
8.110000e+00 1.368335e-01 -2.777075e-02 1.503307e-02 -1.106413e-03
8.110000e+00 1.929536e-01 -3.479239e-02 2.190487e-02 -8.531750e-04
8.110000e+00 2.695639e-01 -3.936444e-02 3.081763e-02 -5.942522e-04
8.110000e+00 3.777252e-01 -3.951329e-02 4.084035e-02 -3.580595e-04
8.110000e+00 5.288205e-01 -3.721715e-02 5.152688e-02 -2.056479e-04
8.110000e+00 7.401737e-01 -3.245339e-02 6.168436e-02 -1.083587e-04
8.110000e+00 1.036455e+00 -2.724469e-02 6.963240e-02 -5.501924e-05
8.110000e+00 1.451071e+00 -2.179573e-02 7.254787e-02 -2.661725e-05
8.110000e+00 2.031429e+00 -1.814011e-02 7.365699e-02 -1.338779e-05
8.110000e+00 2.784068e+00 -1.741620e-02 7.720362e-02 -8.722816e-06
8.110000e+00 3.580407e+00 -1.706824e-02 6.921379e-02 -1.360444e-05
8.290000e+00 2.094395e-02 -2.732405e-03 1.291328e-03 -1.221969e-03
8.290000e+00 3.183814e-02 -3.277071e-03 1.603806e-03 -9.460089e-04
8.290000e+00 4.770840e-02 -8.341202e-03 4.118794e-03 -1.452017e-03
8.290000e+00 7.025257e-02 -1.402275e-02 6.771493e-03 -1.423795e-03
8.290000e+00 9.773653e-02 -2.056257e-02 1.028580e-02 -1.432662e-03
8.290000e+00 1.368335e-01 -2.641325e-02 1.445625e-02 -1.052329e-03
8.290000e+00 1.929536e-01 -3.404741e-02 2.106346e-02 -8.349067e-04
8.290000e+00 2.695639e-01 -3.935333e-02 2.963102e-02 -5.940844e-04
8.290000e+00 3.777252e-01 -4.027161e-02 3.924243e-02 -3.649312e-04
8.290000e+00 5.288205e-01 -3.848079e-02 4.950292e-02 -2.126303e-04
8.290000e+00 7.401737e-01 -3.382693e-02 5.924774e-02 -1.129448e-04
8.290000e+00 1.036455e+00 -2.861257e-02 6.690317e-02 -5.778159e-05
8.290000e+00 1.451071e+00 -2.301300e-02 6.987935e-02 -2.810380e-05
8.290000e+00 2.031429e+00 -1.920701e-02 7.169294e-02 -1.417518e-05
8.290000e+00 2.784068e+00 -1.838458e-02 7.576918e-02 -9.207825e-06
8.290000e+00 3.580407e+00 -1.788263e-02 6.764740e-02 -1.425356e-05
8.470000e+00 2.094395e-02 -2.489832e-03 1.242803e-03 -1.113487e-03
8.470000e+00 3.183814e-02 -2.996073e-03 1.543629e-03 -8.648916e-04
8.470000e+00 4.770840e-02 -7.578770e-03 3.964011e-03 -1.319295e-03
8.470000e+00 7.025257e-02 -1.269054e-02 6.517791e-03 -1.288529e-03
8.470000e+00 9.773653e-02 -1.903799e-02 9.900997e-03 -1.326440e-03
8.470000e+00 1.368335e-01 -2.480614e-02 1.391116e-02 -9.883004e-04
8.470000e+00 1.929536e-01 -3.281649e-02 2.027066e-02 -8.047224e-04
8.470000e+00 2.695639e-01 -3.868853e-02 2.851027e-02 -5.840485e-04
8.470000e+00 3.777252e-01 -4.042634e-02 3.774685e-02 -3.663333e-04
8.470000e+00 5.288205e-01 -3.903938e-02 4.759944e-02 -2.157168e-04
8.470000e+00 7.401737e-01 -3.482551e-02 5.696579e-02 -1.162790e-04
8.470000e+00 1.036455e+00 -2.961536e-02 6.436912e-02 -5.980667e-05
8.470000e+00 1.451071e+00 -2.397505e-02 6.742754e-02 -2.927868e-05
8.470000e+00 2.031429e+00 -2.011891e-02 6.989623e-02 -1.484819e-05
8.470000e+00 2.784068e+00 -1.923901e-02 7.437439e-02 -9.635763e-06
8.470000e+00 3.580407e+00 -1.857257e-02 6.622197e-02 -1.480348e-05
8.660000e+00 2.094395e-02 -2.247698e-03 1.194477e-03 -1.005201e-03
8.660000e+00 3.183814e-02 -2.696898e-03 1.483796e-03 -7.785275e-04
8.660000e+00 4.770840e-02 -6.855221e-03 3.809595e-03 -1.193341e-03
8.660000e+00 7.025257e-02 -1.140937e-02 6.265543e-03 -1.158446e-03
8.660000e+00 9.773653e-02 -1.738785e-02 9.516671e-03 -1.211469e-03
8.660000e+00 1.368335e-01 -2.308189e-02 1.336881e-02 -9.196044e-04
8.660000e+00 1.929536e-01 -3.112460e-02 1.947890e-02 -7.632339e-04
8.660000e+00 2.695639e-01 -3.749186e-02 2.739200e-02 -5.659833e-04
8.660000e+00 3.777252e-01 -3.984790e-02 3.625237e-02 -3.610916e-04
8.660000e+00 5.288205e-01 -3.905332e-02 4.570426e-02 -2.157938e-04
8.660000e+00 7.401737e-01 -3.540642e-02 5.468341e-02 -1.182186e-04
8.660000e+00 1.036455e+00 -3.033128e-02 6.185516e-02 -6.125245e-05
8.660000e+00 1.451071e+00 -2.471052e-02 6.502611e-02 -3.017684e-05
8.660000e+00 2.031429e+00 -2.083387e-02 6.812545e-02 -1.537584e-05
8.660000e+00 2.784068e+00 -1.992937e-02 7.300925e-02 -9.981523e-06
8.660000e+00 3.580407e+00 -1.896952e-02 6.479758e-02 -1.511988e-05
8.860000e+00 2.094395e-02 -2.000161e-03 1.146559e-03 -8.944991e-04
8.860000e+00 3.183814e-02 -2.410226e-03 1.424468e-03 -6.957722e-04
8.860000e+00 4.770840e-02 -6.190279e-03 3.656810e-03 -1.077589e-03
8.860000e+00 7.025257e-02 -1.024635e-02 6.015215e-03 -1.040360e-03
8.860000e+00 9.773653e-02 -1.574500e-02 9.135587e-03 -1.097006e-03
8.860000e+00 1.368335e-01 -2.121729e-02 1.283320e-02 -8.453172e-04
8.860000e+00 1.929536e-01 -2.906548e-02 1.869880e-02 -7.127405e-04
8.860000e+00 2.695639e-01 -3.580940e-02 2.628228e-02 -5.405846e-04
8.860000e+00 3.777252e-01 -3.880683e-02 3.477445e-02 -3.516577e-04
8.860000e+00 5.288205e-01 -3.866219e-02 4.382654e-02 -2.136326e-04
8.860000e+00 7.401737e-01 -3.556715e-02 5.245462e-02 -1.187553e-04
8.860000e+00 1.036455e+00 -3.069172e-02 5.938320e-02 -6.198033e-05
8.860000e+00 1.451071e+00 -2.523336e-02 6.271214e-02 -3.081533e-05
8.860000e+00 2.031429e+00 -2.136549e-02 6.642548e-02 -1.576818e-05
8.860000e+00 2.784068e+00 -2.045399e-02 7.165884e-02 -1.024428e-05
8.860000e+00 3.580407e+00 -1.926705e-02 6.333189e-02 -1.535703e-05
9.050000e+00 2.094395e-02 -1.774905e-03 1.103614e-03 -7.937617e-04
9.050000e+00 3.183814e-02 -2.151516e-03 1.371361e-03 -6.210892e-04
9.050000e+00 4.770840e-02 -5.567644e-03 3.520189e-03 -9.692024e-04
9.050000e+00 7.025257e-02 -9.218951e-03 5.791154e-03 -9.360426e-04
9.050000e+00 9.773653e-02 -1.419932e-02 8.793470e-03 -9.893132e-04
9.050000e+00 1.368335e-01 -1.939961e-02 1.235303e-02 -7.728990e-04
9.050000e+00 1.929536e-01 -2.689365e-02 1.799524e-02 -6.594829e-04
9.050000e+00 2.695639e-01 -3.390716e-02 2.528972e-02 -5.118681e-04
9.050000e+00 3.777252e-01 -3.741750e-02 3.345618e-02 -3.390680e-04
9.050000e+00 5.288205e-01 -3.781747e-02 4.214320e-02 -2.089650e-04
9.050000e+00 7.401737e-01 -3.526313e-02 5.042772e-02 -1.177402e-04
9.050000e+00 1.036455e+00 -3.080183e-02 5.714992e-02 -6.220269e-05
9.050000e+00 1.451071e+00 -2.545079e-02 6.067745e-02 -3.108086e-05
9.050000e+00 2.031429e+00 -2.170488e-02 6.492922e-02 -1.601866e-05
9.050000e+00 2.784068e+00 -2.083737e-02 7.039785e-02 -1.043629e-05
9.050000e+00 3.580407e+00 -1.946742e-02 6.197172e-02 -1.551673e-05
9.250000e+00 2.094395e-02 -1.573714e-03 1.060937e-03 -7.037862e-04
9.250000e+00 3.183814e-02 -1.927430e-03 1.318440e-03 -5.564011e-04
9.250000e+00 4.770840e-02 -5.001572e-03 3.384497e-03 -8.706619e-04
9.250000e+00 7.025257e-02 -8.304750e-03 5.568608e-03 -8.432196e-04
9.250000e+00 9.773653e-02 -1.277940e-02 8.455197e-03 -8.903832e-04
9.250000e+00 1.368335e-01 -1.758997e-02 1.187555e-02 -7.008013e-04
9.250000e+00 1.929536e-01 -2.462681e-02 1.729621e-02 -6.038958e-04
9.250000e+00 2.695639e-01 -3.167185e-02 2.430469e-02 -4.781235e-04
9.250000e+00 3.777252e-01 -3.564727e-02 3.214131e-02 -3.230266e-04
9.250000e+00 5.288205e-01 -3.662630e-02 4.048792e-02 -2.023830e-04
9.250000e+00 7.401737e-01 -3.460208e-02 4.843642e-02 -1.155330e-04
9.250000e+00 1.036455e+00 -3.056675e-02 5.496141e-02 -6.172795e-05
9.250000e+00 1.451071e+00 -2.546687e-02 5.864116e-02 -3.110050e-05
9.250000e+00 2.031429e+00 -2.186019e-02 6.342574e-02 -1.613328e-05
9.250000e+00 2.784068e+00 -2.101236e-02 6.910591e-02 -1.052394e-05
9.250000e+00 3.580407e+00 -1.958441e-02 6.070482e-02 -1.560998e-05
9.460000e+00 2.094395e-02 -1.398885e-03 1.018877e-03 -6.256005e-04
9.460000e+00 3.183814e-02 -1.724545e-03 1.266252e-03 -4.978334e-04
9.460000e+00 4.770840e-02 -4.473257e-03 3.250225e-03 -7.786941e-04
9.460000e+00 7.025257e-02 -7.452115e-03 5.348641e-03 -7.566477e-04
9.460000e+00 9.773653e-02 -1.148399e-02 8.120167e-03 -8.001275e-04
9.460000e+00 1.368335e-01 -1.585947e-02 1.140720e-02 -6.318562e-04
9.460000e+00 1.929536e-01 -2.234767e-02 1.660943e-02 -5.480071e-04
9.460000e+00 2.695639e-01 -2.920960e-02 2.332986e-02 -4.409530e-04
9.460000e+00 3.777252e-01 -3.356017e-02 3.084861e-02 -3.041138e-04
9.460000e+00 5.288205e-01 -3.509765e-02 3.885383e-02 -1.939363e-04
9.460000e+00 7.401737e-01 -3.358336e-02 4.645372e-02 -1.121316e-04
9.460000e+00 1.036455e+00 -3.007152e-02 5.281326e-02 -6.072787e-05
9.460000e+00 1.451071e+00 -2.531631e-02 5.667040e-02 -3.091664e-05
9.460000e+00 2.031429e+00 -2.190206e-02 6.197704e-02 -1.616419e-05
9.460000e+00 2.784068e+00 -2.108056e-02 6.782490e-02 -1.055809e-05
9.460000e+00 3.580407e+00 -1.947023e-02 5.925346e-02 -1.551897e-05
9.670000e+00 2.094395e-02 -1.243312e-03 9.791833e-04 -5.560261e-04
9.670000e+00 3.183814e-02 -1.542916e-03 1.216962e-03 -4.454016e-04
9.670000e+00 4.770840e-02 -3.981612e-03 3.123409e-03 -6.931097e-04
9.670000e+00 7.025257e-02 -6.652456e-03 5.141158e-03 -6.754546e-04
9.670000e+00 9.773653e-02 -1.026529e-02 7.803591e-03 -7.152169e-04
9.670000e+00 1.368335e-01 -1.420805e-02 1.096203e-02 -5.660624e-04
9.670000e+00 1.929536e-01 -2.014394e-02 1.595982e-02 -4.939675e-04
9.670000e+00 2.695639e-01 -2.674364e-02 2.241111e-02 -4.037264e-04
9.670000e+00 3.777252e-01 -3.127027e-02 2.962705e-02 -2.833633e-04
9.670000e+00 5.288205e-01 -3.334990e-02 3.731996e-02 -1.842789e-04
9.670000e+00 7.401737e-01 -3.236471e-02 4.461834e-02 -1.080626e-04
9.670000e+00 1.036455e+00 -2.932205e-02 5.079613e-02 -5.921436e-05
9.670000e+00 1.451071e+00 -2.496917e-02 5.482014e-02 -3.049271e-05
9.670000e+00 2.031429e+00 -2.180127e-02 6.061668e-02 -1.608980e-05
9.670000e+00 2.784068e+00 -2.102118e-02 6.661696e-02 -1.052835e-05
9.670000e+00 3.580407e+00 -1.932738e-02 5.796868e-02 -1.540511e-05
9.880000e+00 2.094395e-02 -1.099597e-03 9.417552e-04 -4.917547e-04
9.880000e+00 3.183814e-02 -1.374509e-03 1.170593e-03 -3.967866e-04
9.880000e+00 4.770840e-02 -3.536560e-03 3.004230e-03 -6.156362e-04
9.880000e+00 7.025257e-02 -5.903937e-03 4.945687e-03 -5.994540e-04
9.880000e+00 9.773653e-02 -9.130477e-03 7.506266e-03 -6.361505e-04
9.880000e+00 1.368335e-01 -1.265223e-02 1.054266e-02 -5.040768e-04
9.880000e+00 1.929536e-01 -1.805779e-02 1.534946e-02 -4.428110e-04
9.880000e+00 2.695639e-01 -2.431538e-02 2.154579e-02 -3.670690e-04
9.880000e+00 3.777252e-01 -2.889399e-02 2.847587e-02 -2.618301e-04
9.880000e+00 5.288205e-01 -3.140284e-02 3.588007e-02 -1.735202e-04
9.880000e+00 7.401737e-01 -3.095239e-02 4.290451e-02 -1.033470e-04
9.880000e+00 1.036455e+00 -2.831253e-02 4.891771e-02 -5.717568e-05
9.880000e+00 1.451071e+00 -2.439826e-02 5.310672e-02 -2.979550e-05
9.880000e+00 2.031429e+00 -2.150231e-02 5.931034e-02 -1.586916e-05
9.880000e+00 2.784068e+00 -2.080815e-02 6.548794e-02 -1.042166e-05
9.880000e+00 3.580407e+00 -1.907703e-02 5.681488e-02 -1.520557e-05
1.010000e+01 2.094395e-02 -9.736476e-04 9.048017e-04 -4.354285e-04
1.010000e+01 3.183814e-02 -1.214230e-03 1.124904e-03 -3.505180e-04
1.010000e+01 4.770840e-02 -3.125940e-03 2.886592e-03 -5.441564e-04
1.010000e+01 7.025257e-02 -5.229891e-03 4.752358e-03 -5.310150e-04
1.010000e+01 9.773653e-02 -8.095521e-03 7.212697e-03 -5.640416e-04
1.010000e+01 1.368335e-01 -1.123216e-02 1.012747e-02 -4.475000e-04
1.010000e+01 1.929536e-01 -1.608484e-02 1.474658e-02 -3.944307e-04
1.010000e+01 2.695639e-01 -2.189916e-02 2.069863e-02 -3.305934e-04
1.010000e+01 3.777252e-01 -2.646132e-02 2.734261e-02 -2.397858e-04
1.010000e+01 5.288205e-01 -2.929829e-02 3.447291e-02 -1.618913e-04
1.010000e+01 7.401737e-01 -2.934609e-02 4.122563e-02 -9.798375e-05
1.010000e+01 1.036455e+00 -2.717098e-02 4.708461e-02 -5.487037e-05
1.010000e+01 1.451071e+00 -2.365121e-02 5.140709e-02 -2.888319e-05
1.010000e+01 2.031429e+00 -2.108679e-02 5.805364e-02 -1.556250e-05
1.010000e+01 2.784068e+00 -2.049083e-02 6.433588e-02 -1.026273e-05
1.010000e+01 3.580407e+00 -1.868239e-02 5.558367e-02 -1.489102e-05
1.032000e+01 2.094395e-02 -8.594084e-04 8.699576e-04 -3.843391e-04
1.032000e+01 3.183814e-02 -1.071347e-03 1.081648e-03 -3.092711e-04
1.032000e+01 4.770840e-02 -2.760637e-03 2.775501e-03 -4.805653e-04
1.032000e+01 7.025257e-02 -4.617357e-03 4.569501e-03 -4.688215e-04
1.032000e+01 9.773653e-02 -7.174220e-03 6.935385e-03 -4.998516e-04
1.032000e+01 1.368335e-01 -9.949042e-03 9.739035e-03 -3.963793e-04
1.032000e+01 1.929536e-01 -1.426152e-02 1.417936e-02 -3.497194e-04
1.032000e+01 2.695639e-01 -1.959637e-02 1.989881e-02 -2.958300e-04
1.032000e+01 3.777252e-01 -2.406873e-02 2.628038e-02 -2.181048e-04
1.032000e+01 5.288205e-01 -2.712279e-02 3.314343e-02 -1.498703e-04
1.032000e+01 7.401737e-01 -2.758321e-02 3.963947e-02 -9.209766e-05
1.032000e+01 1.036455e+00 -2.585725e-02 4.535355e-02 -5.221736e-05
1.032000e+01 1.451071e+00 -2.276890e-02 4.987293e-02 -2.780570e-05
1.032000e+01 2.031429e+00 -2.053562e-02 5.685817e-02 -1.515572e-05
1.032000e+01 2.784068e+00 -2.004752e-02 6.318418e-02 -1.004070e-05
1.032000e+01 3.580407e+00 -1.818336e-02 5.447601e-02 -1.449326e-05
1.055000e+01 2.094395e-02 -7.567452e-04 8.357417e-04 -3.384267e-04
1.055000e+01 3.183814e-02 -9.396028e-04 1.039112e-03 -2.712400e-04
1.055000e+01 4.770840e-02 -2.420119e-03 2.666110e-03 -4.212887e-04
1.055000e+01 7.025257e-02 -4.055578e-03 4.390088e-03 -4.117816e-04
1.055000e+01 9.773653e-02 -6.339160e-03 6.662178e-03 -4.416702e-04
1.055000e+01 1.368335e-01 -8.766105e-03 9.354031e-03 -3.492500e-04
1.055000e+01 1.929536e-01 -1.259741e-02 1.362173e-02 -3.089123e-04
1.055000e+01 2.695639e-01 -1.742842e-02 1.911281e-02 -2.631023e-04
1.055000e+01 3.777252e-01 -2.171363e-02 2.522466e-02 -1.967635e-04
1.055000e+01 5.288205e-01 -2.489579e-02 3.182858e-02 -1.375647e-04
1.055000e+01 7.401737e-01 -2.569912e-02 3.808775e-02 -8.580685e-05
1.055000e+01 1.036455e+00 -2.444554e-02 4.368394e-02 -4.936650e-05
1.055000e+01 1.451071e+00 -2.178643e-02 4.837342e-02 -2.660590e-05
1.055000e+01 2.031429e+00 -1.988927e-02 5.569847e-02 -1.467870e-05
1.055000e+01 2.784068e+00 -1.951049e-02 6.201174e-02 -9.771730e-06
1.055000e+01 3.580407e+00 -1.763361e-02 5.327198e-02 -1.405507e-05
1.078000e+01 2.094395e-02 -6.644852e-04 8.035121e-04 -2.971668e-04
1.078000e+01 3.183814e-02 -8.217588e-04 9.991650e-04 -2.372213e-04
1.078000e+01 4.770840e-02 -2.120137e-03 2.562948e-03 -3.690685e-04
1.078000e+01 7.025257e-02 -3.557804e-03 4.221235e-03 -3.612402e-04
1.078000e+01 9.773653e-02 -5.595778e-03 6.405314e-03 -3.898764e-04
1.078000e+01 1.368335e-01 -7.701190e-03 8.992582e-03 -3.068228e-04
1.078000e+01 1.929536e-01 -1.108941e-02 1.309637e-02 -2.719333e-04
1.078000e+01 2.695639e-01 -1.542217e-02 1.837096e-02 -2.328156e-04
1.078000e+01 3.777252e-01 -1.950674e-02 2.423676e-02 -1.767652e-04
1.078000e+01 5.288205e-01 -2.269405e-02 3.060366e-02 -1.253987e-04
1.078000e+01 7.401737e-01 -2.377650e-02 3.663643e-02 -7.938743e-05
1.078000e+01 1.036455e+00 -2.297642e-02 4.214235e-02 -4.639968e-05
1.078000e+01 1.451071e+00 -2.070053e-02 4.696854e-02 -2.527979e-05
1.078000e+01 2.031429e+00 -1.916670e-02 5.462260e-02 -1.414544e-05
1.078000e+01 2.784068e+00 -1.891368e-02 6.087803e-02 -9.472820e-06
1.078000e+01 3.580407e+00 -1.700905e-02 5.206310e-02 -1.355726e-05
1.101000e+01 2.094395e-02 -5.833289e-04 7.731102e-04 -2.608726e-04
1.101000e+01 3.183814e-02 -7.153636e-04 9.616015e-04 -2.065077e-04
1.101000e+01 4.770840e-02 -1.856086e-03 2.465742e-03 -3.231031e-04
1.101000e+01 7.025257e-02 -3.123531e-03 4.061621e-03 -3.171465e-04
1.101000e+01 9.773653e-02 -4.912936e-03 6.163486e-03 -3.423005e-04
1.101000e+01 1.368335e-01 -6.762462e-03 8.650721e-03 -2.694229e-04
1.101000e+01 1.929536e-01 -9.734975e-03 1.259736e-02 -2.387200e-04
1.101000e+01 2.695639e-01 -1.359503e-02 1.767520e-02 -2.052329e-04
1.101000e+01 3.777252e-01 -1.739659e-02 2.331526e-02 -1.576435e-04
1.101000e+01 5.288205e-01 -2.054672e-02 2.944497e-02 -1.135334e-04
1.101000e+01 7.401737e-01 -2.182711e-02 3.527774e-02 -7.287859e-05
1.101000e+01 1.036455e+00 -2.136849e-02 4.068790e-02 -4.315256e-05
1.101000e+01 1.451071e+00 -1.953175e-02 4.567320e-02 -2.385245e-05
1.101000e+01 2.031429e+00 -1.833857e-02 5.359467e-02 -1.353426e-05
1.101000e+01 2.784068e+00 -1.822634e-02 5.978288e-02 -9.128571e-06
1.101000e+01 3.580407e+00 -1.628626e-02 5.092206e-02 -1.298115e-05
1.125000e+01 2.094395e-02 -5.098304e-04 7.431853e-04 -2.280031e-04
1.125000e+01 3.183814e-02 -6.189974e-04 9.244802e-04 -1.786892e-04
1.125000e+01 4.770840e-02 -1.615463e-03 2.369994e-03 -2.812160e-04
1.125000e+01 7.025257e-02 -2.736659e-03 3.903664e-03 -2.778657e-04
1.125000e+01 9.773653e-02 -4.295840e-03 5.924800e-03 -2.993053e-04
1.125000e+01 1.368335e-01 -5.906931e-03 8.314584e-03 -2.353378e-04
1.125000e+01 1.929536e-01 -8.500928e-03 1.211042e-02 -2.084588e-04
1.125000e+01 2.695639e-01 -1.190550e-02 1.698612e-02 -1.797274e-04
1.125000e+01 3.777252e-01 -1.543179e-02 2.240746e-02 -1.398390e-04
1.125000e+01 5.288205e-01 -1.844291e-02 2.830300e-02 -1.019085e-04
1.125000e+01 7.401737e-01 -1.987460e-02 3.394161e-02 -6.635937e-05
1.125000e+01 1.036455e+00 -1.974174e-02 3.928515e-02 -3.986741e-05
1.125000e+01 1.451071e+00 -1.834699e-02 4.443520e-02 -2.240560e-05
1.125000e+01 2.031429e+00 -1.745355e-02 5.258981e-02 -1.288109e-05
1.125000e+01 2.784068e+00 -1.748517e-02 5.870632e-02 -8.757357e-06
1.125000e+01 3.580407e+00 -1.550446e-02 4.986277e-02 -1.235801e-05
1.150000e+01 2.094395e-02 -4.410239e-04 7.138390e-04 -1.972319e-04
1.150000e+01 3.183814e-02 -5.347844e-04 8.880278e-04 -1.543789e-04
1.150000e+01 4.770840e-02 -1.396441e-03 2.276181e-03 -2.430892e-04
1.150000e+01 7.025257e-02 -2.379950e-03 3.749959e-03 -2.416473e-04
1.150000e+01 9.773653e-02 -3.722971e-03 5.689894e-03 -2.593917e-04
1.150000e+01 1.368335e-01 -5.124926e-03 7.984961e-03 -2.041819e-04
1.150000e+01 1.929536e-01 -7.391195e-03 1.163080e-02 -1.812460e-04
1.150000e+01 2.695639e-01 -1.036983e-02 1.630588e-02 -1.565447e-04
1.150000e+01 3.777252e-01 -1.359043e-02 2.151415e-02 -1.231530e-04
1.150000e+01 5.288205e-01 -1.643332e-02 2.719131e-02 -9.080428e-05
1.150000e+01 7.401737e-01 -1.794614e-02 3.262935e-02 -5.992042e-05
1.150000e+01 1.036455e+00 -1.809401e-02 3.791856e-02 -3.653992e-05
1.150000e+01 1.451071e+00 -1.704747e-02 4.323795e-02 -2.081861e-05
1.150000e+01 2.031429e+00 -1.648516e-02 5.160354e-02 -1.216640e-05
1.150000e+01 2.784068e+00 -1.660956e-02 5.766304e-02 -8.318814e-06
1.150000e+01 3.580407e+00 -1.461678e-02 4.875889e-02 -1.165047e-05
1.175000e+01 2.094395e-02 -3.793941e-04 6.861898e-04 -1.696702e-04
1.175000e+01 3.183814e-02 -4.607240e-04 8.535567e-04 -1.329996e-04
1.175000e+01 4.770840e-02 -1.203053e-03 2.187819e-03 -2.094246e-04
1.175000e+01 7.025257e-02 -2.058743e-03 3.604683e-03 -2.090337e-04
1.175000e+01 9.773653e-02 -3.222958e-03 5.468564e-03 -2.245541e-04
1.175000e+01 1.368335e-01 -4.437459e-03 7.675084e-03 -1.767926e-04
1.175000e+01 1.929536e-01 -6.408888e-03 1.117732e-02 -1.571580e-04
1.175000e+01 2.695639e-01 -9.005419e-03 1.566981e-02 -1.359473e-04
1.175000e+01 3.777252e-01 -1.191955e-02 2.067933e-02 -1.080120e-04
1.175000e+01 5.288205e-01 -1.457834e-02 2.614392e-02 -8.055437e-05
1.175000e+01 7.401737e-01 -1.609003e-02 3.138173e-02 -5.372305e-05
1.175000e+01 1.036455e+00 -1.646868e-02 3.661281e-02 -3.325765e-05
1.175000e+01 1.451071e+00 -1.578106e-02 4.211832e-02 -1.927206e-05
1.175000e+01 2.031429e+00 -1.548357e-02 5.066833e-02 -1.142720e-05
1.175000e+01 2.784068e+00 -1.567672e-02 5.660828e-02 -7.851607e-06
1.175000e+01 3.580407e+00 -1.371813e-02 4.774785e-02 -1.093420e-05
1.200000e+01 2.094395e-02 -3.271241e-04 6.600617e-04 -1.462944e-04
1.200000e+01 3.183814e-02 -3.959735e-04 8.210627e-04 -1.143077e-04
1.200000e+01 4.770840e-02 -1.033412e-03 2.104275e-03 -1.798939e-04
1.200000e+01 7.025257e-02 -1.779428e-03 3.467711e-03 -1.806736e-04
1.200000e+01 9.773653e-02 -2.776625e-03 5.260655e-03 -1.934566e-04
1.200000e+01 1.368335e-01 -3.829836e-03 7.382528e-03 -1.525843e-04
1.200000e+01 1.929536e-01 -5.542125e-03 1.075291e-02 -1.359033e-04
1.200000e+01 2.695639e-01 -7.790929e-03 1.506374e-02 -1.176132e-04
1.200000e+01 3.777252e-01 -1.039920e-02 1.988965e-02 -9.423497e-05
1.200000e+01 5.288205e-01 -1.283447e-02 2.515525e-02 -7.091844e-05
1.200000e+01 7.401737e-01 -1.434131e-02 3.021958e-02 -4.788423e-05
1.200000e+01 1.036455e+00 -1.486197e-02 3.538509e-02 -3.001297e-05
1.200000e+01 1.451071e+00 -1.446566e-02 4.103775e-02 -1.766568e-05
1.200000e+01 2.031429e+00 -1.442903e-02 4.975695e-02 -1.064893e-05
1.200000e+01 2.784068e+00 -1.474905e-02 5.558418e-02 -7.386988e-06
1.200000e+01 3.580407e+00 -1.286197e-02 4.681652e-02 -1.025178e-05
1.226000e+01 2.094395e-02 -2.801770e-04 6.344260e-04 -1.252990e-04
1.226000e+01 3.183814e-02 -3.402347e-04 7.892203e-04 -9.821730e-05
1.226000e+01 4.770840e-02 -8.848000e-04 2.022667e-03 -1.540239e-04
1.226000e+01 7.025257e-02 -1.533460e-03 3.333648e-03 -1.556992e-04
1.226000e+01 9.773653e-02 -2.393037e-03 5.057198e-03 -1.667308e-04
1.226000e+01 1.368335e-01 -3.297351e-03 7.095227e-03 -1.313696e-04
1.226000e+01 1.929536e-01 -4.773026e-03 1.033420e-02 -1.170436e-04
1.226000e+01 2.695639e-01 -6.721146e-03 1.447265e-02 -1.014635e-04
1.226000e+01 3.777252e-01 -9.016695e-03 1.911870e-02 -8.170702e-05
1.226000e+01 5.288205e-01 -1.123086e-02 2.418440e-02 -6.205745e-05
1.226000e+01 7.401737e-01 -1.268945e-02 2.908135e-02 -4.236882e-05
1.226000e+01 1.036455e+00 -1.333650e-02 3.421986e-02 -2.693237e-05
1.226000e+01 1.451071e+00 -1.319380e-02 4.000553e-02 -1.611246e-05
1.226000e+01 2.031429e+00 -1.337191e-02 4.887042e-02 -9.868753e-06
1.226000e+01 2.784068e+00 -1.376001e-02 5.454203e-02 -6.891634e-06
1.226000e+01 3.580407e+00 -1.200236e-02 4.575448e-02 -9.566621e-06
1.253000e+01 2.094395e-02 -2.394077e-04 6.093332e-04 -1.070664e-04
1.253000e+01 3.183814e-02 -2.921057e-04 7.579963e-04 -8.432367e-05
1.253000e+01 4.770840e-02 -7.534038e-04 1.942529e-03 -1.311508e-04
1.253000e+01 7.025257e-02 -1.316356e-03 3.202231e-03 -1.336557e-04
1.253000e+01 9.773653e-02 -2.051163e-03 4.856962e-03 -1.429113e-04
1.253000e+01 1.368335e-01 -2.822010e-03 6.813325e-03 -1.124316e-04
1.253000e+01 1.929536e-01 -4.083429e-03 9.925226e-03 -1.001334e-04
1.253000e+01 2.695639e-01 -5.746657e-03 1.389802e-02 -8.675250e-05
1.253000e+01 3.777252e-01 -7.759583e-03 1.835889e-02 -7.031539e-05
1.253000e+01 5.288205e-01 -9.753017e-03 2.322647e-02 -5.389148e-05
1.253000e+01 7.401737e-01 -1.115867e-02 2.797976e-02 -3.725772e-05
1.253000e+01 1.036455e+00 -1.190820e-02 3.308949e-02 -2.404799e-05
1.253000e+01 1.451071e+00 -1.198068e-02 3.903870e-02 -1.463097e-05
1.253000e+01 2.031429e+00 -1.231650e-02 4.792608e-02 -9.089839e-06
1.253000e+01 2.784068e+00 -1.278647e-02 5.345675e-02 -6.404040e-06
1.253000e+01 3.580407e+00 -1.112726e-02 4.468674e-02 -8.869110e-06
1.280000e+01 2.094395e-02 -2.037529e-04 5.857084e-04 -9.112108e-05
1.280000e+01 3.183814e-02 -2.490998e-04 7.286415e-04 -7.190893e-05
1.280000e+01 4.770840e-02 -6.406171e-04 1.867168e-03 -1.115171e-04
1.280000e+01 7.025257e-02 -1.123593e-03 3.078422e-03 -1.140835e-04
1.280000e+01 9.773653e-02 -1.750934e-03 4.669102e-03 -1.219933e-04
1.280000e+01 1.368335e-01 -2.405891e-03 6.549761e-03 -9.585300e-05
1.280000e+01 1.929536e-01 -3.489264e-03 9.538783e-03 -8.556333e-05
1.280000e+01 2.695639e-01 -4.904036e-03 1.335966e-02 -7.403215e-05
1.280000e+01 3.777252e-01 -6.659955e-03 1.764058e-02 -6.035084e-05
1.280000e+01 5.288205e-01 -8.426406e-03 2.232683e-02 -4.656112e-05
1.280000e+01 7.401737e-01 -9.734727e-03 2.693421e-02 -3.250331e-05
1.280000e+01 1.036455e+00 -1.054589e-02 3.203335e-02 -2.129687e-05
1.280000e+01 1.451071e+00 -1.078734e-02 3.813474e-02 -1.317365e-05
1.280000e+01 2.031429e+00 -1.127317e-02 4.704513e-02 -8.319842e-06
1.280000e+01 2.784068e+00 -1.179065e-02 5.240752e-02 -5.905289e-06
1.280000e+01 3.580407e+00 -1.028433e-02 4.376416e-02 -8.197247e-06
1.308000e+01 2.094395e-02 -1.719255e-04 5.625801e-04 -7.688744e-05
1.308000e+01 3.183814e-02 -2.112407e-04 6.999462e-04 -6.097994e-05
1.308000e+01 4.770840e-02 -5.434607e-04 1.793404e-03 -9.460436e-05
1.308000e+01 7.025257e-02 -9.522388e-04 2.957635e-03 -9.668520e-05
1.308000e+01 9.773653e-02 -1.486192e-03 4.485565e-03 -1.035479e-04
1.308000e+01 1.368335e-01 -2.040891e-03 6.291900e-03 -8.131104e-05
1.308000e+01 1.929536e-01 -2.955991e-03 9.164751e-03 -7.248649e-05
1.308000e+01 2.695639e-01 -4.163669e-03 1.283082e-02 -6.285545e-05
1.308000e+01 3.777252e-01 -5.674725e-03 1.694316e-02 -5.142294e-05
1.308000e+01 5.288205e-01 -7.228602e-03 2.146244e-02 -3.994252e-05
1.308000e+01 7.401737e-01 -8.429394e-03 2.592600e-02 -2.814493e-05
1.308000e+01 1.036455e+00 -9.264445e-03 3.101241e-02 -1.870907e-05
1.308000e+01 1.451071e+00 -9.648357e-03 3.726244e-02 -1.178271e-05
1.308000e+01 2.031429e+00 -1.024368e-02 4.615618e-02 -7.560052e-06
1.308000e+01 2.784068e+00 -1.079859e-02 5.134943e-02 -5.408417e-06
1.308000e+01 3.580407e+00 -9.436295e-03 4.274389e-02 -7.521308e-06
1.336000e+01 2.094395e-02 -1.453021e-04 5.408592e-04 -6.498107e-05
1.336000e+01 3.183814e-02 -1.784809e-04 6.728551e-04 -5.152300e-05
1.336000e+01 4.770840e-02 -4.586372e-04 1.724138e-03 -7.983848e-05
1.336000e+01 7.025257e-02 -8.068576e-04 2.843698e-03 -8.192398e-05
1.336000e+01 9.773653e-02 -1.260704e-03 4.312018e-03 -8.783743e-05
1.336000e+01 1.368335e-01 -1.728316e-03 6.048730e-03 -6.885777e-05
1.336000e+01 1.929536e-01 -2.502342e-03 8.811041e-03 -6.136215e-05
1.336000e+01 2.695639e-01 -3.532370e-03 1.233178e-02 -5.332525e-05
1.336000e+01 3.777252e-01 -4.818504e-03 1.628521e-02 -4.366407e-05
1.336000e+01 5.288205e-01 -6.171013e-03 2.063939e-02 -3.409868e-05
1.336000e+01 7.401737e-01 -7.265276e-03 2.498177e-02 -2.425805e-05
1.336000e+01 1.036455e+00 -8.108860e-03 3.006297e-02 -1.637542e-05
1.336000e+01 1.451071e+00 -8.579690e-03 3.643611e-02 -1.047764e-05
1.336000e+01 2.031429e+00 -9.280988e-03 4.531395e-02 -6.849566e-06
1.336000e+01 2.784068e+00 -9.872840e-03 5.033146e-02 -4.944762e-06
1.336000e+01 3.580407e+00 -8.584047e-03 4.181527e-02 -6.842013e-06
1.365000e+01 2.094395e-02 -1.219195e-04 5.196721e-04 -5.452408e-05
1.365000e+01 3.183814e-02 -1.499049e-04 6.464954e-04 -4.327381e-05
1.365000e+01 4.770840e-02 -3.828727e-04 1.656529e-03 -6.664958e-05
1.365000e+01 7.025257e-02 -6.767013e-04 2.732680e-03 -6.870861e-05
1.365000e+01 9.773653e-02 -1.060389e-03 4.143683e-03 -7.388083e-05
1.365000e+01 1.368335e-01 -1.451540e-03 5.811332e-03 -5.783073e-05
1.365000e+01 1.929536e-01 -2.105094e-03 8.465541e-03 -5.162088e-05
1.365000e+01 2.695639e-01 -2.974926e-03 1.184999e-02 -4.490998e-05
1.365000e+01 3.777252e-01 -4.060584e-03 1.564759e-02 -3.679599e-05
1.365000e+01 5.288205e-01 -5.225003e-03 1.984326e-02 -2.887138e-05
1.365000e+01 7.401737e-01 -6.203247e-03 2.405983e-02 -2.071204e-05
1.365000e+01 1.036455e+00 -7.036493e-03 2.912840e-02 -1.420983e-05
1.365000e+01 1.451071e+00 -7.582624e-03 3.562866e-02 -9.260008e-06
1.365000e+01 2.031429e+00 -8.328779e-03 4.443007e-02 -6.146816e-06
1.365000e+01 2.784068e+00 -8.957142e-03 4.930108e-02 -4.486139e-06
1.365000e+01 3.580407e+00 -7.839694e-03 4.090911e-02 -6.248719e-06
1.394000e+01 2.094395e-02 -1.033751e-04 4.997143e-04 -4.623073e-05
1.394000e+01 3.183814e-02 -1.252256e-04 6.217076e-04 -3.614951e-05
1.394000e+01 4.770840e-02 -3.202908e-04 1.592999e-03 -5.575546e-05
1.394000e+01 7.025257e-02 -5.676157e-04 2.628376e-03 -5.763264e-05
1.394000e+01 9.773653e-02 -8.872001e-04 3.984838e-03 -6.181416e-05
1.394000e+01 1.368335e-01 -1.214110e-03 5.588098e-03 -4.837129e-05
1.394000e+01 1.929536e-01 -1.765387e-03 8.141799e-03 -4.329063e-05
1.394000e+01 2.695639e-01 -2.500330e-03 1.139678e-02 -3.774539e-05
1.394000e+01 3.777252e-01 -3.413696e-03 1.504347e-02 -3.093405e-05
1.394000e+01 5.288205e-01 -4.415476e-03 1.910228e-02 -2.439825e-05
1.394000e+01 7.401737e-01 -5.286787e-03 2.322028e-02 -1.765207e-05
1.394000e+01 1.036455e+00 -6.081481e-03 2.826589e-02 -1.228124e-05
1.394000e+01 1.451071e+00 -6.652870e-03 3.488420e-02 -8.124580e-06
1.394000e+01 2.031429e+00 -7.437662e-03 4.358547e-02 -5.489152e-06
1.394000e+01 2.784068e+00 -8.085190e-03 4.829706e-02 -4.049427e-06
1.394000e+01 3.580407e+00 -7.099481e-03 3.996358e-02 -5.658723e-06
1.424000e+01 2.094395e-02 -8.661984e-05 4.802059e-04 -3.873757e-05
1.424000e+01 3.183814e-02 -1.027669e-04 5.974550e-04 -2.966625e-05
1.424000e+01 4.770840e-02 -2.653053e-04 1.530977e-03 -4.618373e-05
1.424000e+01 7.025257e-02 -4.720500e-04 2.526060e-03 -4.792942e-05
1.424000e+01 9.773653e-02 -7.424049e-04 3.829242e-03 -5.172580e-05
1.424000e+01 1.368335e-01 -1.016039e-03 5.369530e-03 -4.047996e-05
1.424000e+01 1.929536e-01 -1.474585e-03 7.824378e-03 -3.615961e-05
1.424000e+01 2.695639e-01 -2.090517e-03 1.095285e-02 -3.155879e-05
1.424000e+01 3.777252e-01 -2.854303e-03 1.445514e-02 -2.586498e-05
1.424000e+01 5.288205e-01 -3.713152e-03 1.838007e-02 -2.051747e-05
1.424000e+01 7.401737e-01 -4.460803e-03 2.239190e-02 -1.489419e-05
1.424000e+01 1.036455e+00 -5.213779e-03 2.742350e-02 -1.052896e-05
1.424000e+01 1.451071e+00 -5.825091e-03 3.419781e-02 -7.113684e-06
1.424000e+01 2.031429e+00 -6.601336e-03 4.277628e-02 -4.871927e-06
1.424000e+01 2.784068e+00 -7.247604e-03 4.727453e-02 -3.629926e-06
1.424000e+01 3.580407e+00 -6.393391e-03 3.907311e-02 -5.095926e-06
1.454000e+01 2.094395e-02 -7.164032e-05 4.618625e-04 -3.203853e-05
1.454000e+01 3.183814e-02 -8.470108e-05 5.747378e-04 -2.445110e-05
1.454000e+01 4.770840e-02 -2.193814e-04 1.472484e-03 -3.818941e-05
1.454000e+01 7.025257e-02 -3.907265e-04 2.429573e-03 -3.967227e-05
1.454000e+01 9.773653e-02 -6.173039e-04 3.683131e-03 -4.300960e-05
1.454000e+01 1.368335e-01 -8.446691e-04 5.164403e-03 -3.365242e-05
1.454000e+01 1.929536e-01 -1.222170e-03 7.526699e-03 -2.996993e-05
1.454000e+01 2.695639e-01 -1.738250e-03 1.053678e-02 -2.624091e-05
1.454000e+01 3.777252e-01 -2.373069e-03 1.390357e-02 -2.150416e-05
1.454000e+01 5.288205e-01 -3.101823e-03 1.770659e-02 -1.713950e-05
1.454000e+01 7.401737e-01 -3.752737e-03 2.162232e-02 -1.253002e-05
1.454000e+01 1.036455e+00 -4.445306e-03 2.664807e-02 -8.977064e-06
1.454000e+01 1.451071e+00 -5.050700e-03 3.352383e-02 -6.167986e-06
1.454000e+01 2.031429e+00 -5.817980e-03 4.198620e-02 -4.293793e-06
1.454000e+01 2.784068e+00 -6.465107e-03 4.627923e-02 -3.238016e-06
1.454000e+01 3.580407e+00 -5.759751e-03 3.827052e-02 -4.590876e-06
1.485000e+01 2.094395e-02 -5.907393e-05 4.439934e-04 -2.641866e-05
1.485000e+01 3.183814e-02 -6.916479e-05 5.525460e-04 -1.996616e-05
1.485000e+01 4.770840e-02 -1.801367e-04 1.415395e-03 -3.135777e-05
1.485000e+01 7.025257e-02 -3.218625e-04 2.335442e-03 -3.268019e-05
1.485000e+01 9.773653e-02 -5.073391e-04 3.540341e-03 -3.534799e-05
1.485000e+01 1.368335e-01 -6.987228e-04 4.964605e-03 -2.783778e-05
1.485000e+01 1.929536e-01 -1.010610e-03 7.236403e-03 -2.478206e-05
1.485000e+01 2.695639e-01 -1.434271e-03 1.013032e-02 -2.165199e-05
1.485000e+01 3.777252e-01 -1.962648e-03 1.336430e-02 -1.778503e-05
1.485000e+01 5.288205e-01 -2.576251e-03 1.704923e-02 -1.423538e-05
1.485000e+01 7.401737e-01 -3.130588e-03 2.088478e-02 -1.045273e-05
1.485000e+01 1.036455e+00 -3.760939e-03 2.590378e-02 -7.595021e-06
1.485000e+01 1.451071e+00 -4.349143e-03 3.285857e-02 -5.311236e-06
1.485000e+01 2.031429e+00 -5.106529e-03 4.122528e-02 -3.768727e-06
1.485000e+01 2.784068e+00 -5.732563e-03 4.528399e-02 -2.871125e-06
1.485000e+01 3.580407e+00 -5.152297e-03 3.740929e-02 -4.106698e-06
1.517000e+01 2.094395e-02 -4.864936e-05 4.266027e-04 -2.175666e-05
1.517000e+01 3.183814e-02 -5.693387e-05 5.310546e-04 -1.643539e-05
1.517000e+01 4.770840e-02 -1.480789e-04 1.359884e-03 -2.577723e-05
1.517000e+01 7.025257e-02 -2.658744e-04 2.243873e-03 -2.699545e-05
1.517000e+01 9.773653e-02 -4.159935e-04 3.401846e-03 -2.898364e-05
1.517000e+01 1.368335e-01 -5.746083e-04 4.770182e-03 -2.289294e-05
1.517000e+01 1.929536e-01 -8.322404e-04 6.953391e-03 -2.040810e-05
1.517000e+01 2.695639e-01 -1.182374e-03 9.735603e-03 -1.784931e-05
1.517000e+01 3.777252e-01 -1.615647e-03 1.284465e-02 -1.464059e-05
1.517000e+01 5.288205e-01 -2.130677e-03 1.641086e-02 -1.177331e-05
1.517000e+01 7.401737e-01 -2.603529e-03 2.017104e-02 -8.692930e-06
1.517000e+01 1.036455e+00 -3.177013e-03 2.520165e-02 -6.415814e-06
1.517000e+01 1.451071e+00 -3.739854e-03 3.221747e-02 -4.567162e-06
1.517000e+01 2.031429e+00 -4.459730e-03 4.045909e-02 -3.291375e-06
1.517000e+01 2.784068e+00 -5.065759e-03 4.430383e-02 -2.537160e-06
1.517000e+01 3.580407e+00 -4.587908e-03 3.658740e-02 -3.656845e-06
1.549000e+01 2.094395e-02 -3.933950e-05 4.101966e-04 -1.759316e-05
1.549000e+01 3.183814e-02 -4.612402e-05 5.107297e-04 -1.331486e-05
1.549000e+01 4.770840e-02 -1.195905e-04 1.307480e-03 -2.081803e-05
1.549000e+01 7.025257e-02 -2.157261e-04 2.157557e-03 -2.190366e-05
1.549000e+01 9.773653e-02 -3.374093e-04 3.270745e-03 -2.350842e-05
1.549000e+01 1.368335e-01 -4.683628e-04 4.587480e-03 -1.866002e-05
1.549000e+01 1.929536e-01 -6.793856e-04 6.684003e-03 -1.665982e-05
1.549000e+01 2.695639e-01 -9.618768e-04 9.364227e-03 -1.452065e-05
1.549000e+01 3.777252e-01 -1.320440e-03 1.235644e-02 -1.196550e-05
1.549000e+01 5.288205e-01 -1.740000e-03 1.580546e-02 -9.614581e-06
1.549000e+01 7.401737e-01 -2.142894e-03 1.950981e-02 -7.154916e-06
1.549000e+01 1.036455e+00 -2.646733e-03 2.453915e-02 -5.344939e-06
1.549000e+01 1.451071e+00 -3.189371e-03 3.162523e-02 -3.894905e-06
1.549000e+01 2.031429e+00 -3.865371e-03 3.970229e-02 -2.852726e-06
1.549000e+01 2.784068e+00 -4.444763e-03 4.336611e-02 -2.226137e-06
1.549000e+01 3.580407e+00 -4.050358e-03 3.575977e-02 -3.228385e-06
1.582000e+01 2.094395e-02 -3.166692e-05 3.942488e-04 -1.416188e-05
1.582000e+01 3.183814e-02 -3.674476e-05 4.909329e-04 -1.060730e-05
1.582000e+01 4.770840e-02 -9.721903e-05 1.256480e-03 -1.692366e-05
1.582000e+01 7.025257e-02 -1.756021e-04 2.073485e-03 -1.782969e-05
1.582000e+01 9.773653e-02 -2.743990e-04 3.144447e-03 -1.911829e-05
1.582000e+01 1.368335e-01 -3.820931e-04 4.409640e-03 -1.522295e-05
1.582000e+01 1.929536e-01 -5.523962e-04 6.426596e-03 -1.354580e-05
1.582000e+01 2.695639e-01 -7.821791e-04 9.003451e-03 -1.180791e-05
1.582000e+01 3.777252e-01 -1.072721e-03 1.188845e-02 -9.720724e-06
1.582000e+01 5.288205e-01 -1.412644e-03 1.522926e-02 -7.805733e-06
1.582000e+01 7.401737e-01 -1.757601e-03 1.887025e-02 -5.868459e-06
1.582000e+01 1.036455e+00 -2.195660e-03 2.391448e-02 -4.434022e-06
1.582000e+01 1.451071e+00 -2.700452e-03 3.103659e-02 -3.297831e-06
1.582000e+01 2.031429e+00 -3.320868e-03 3.894219e-02 -2.450871e-06
1.582000e+01 2.784068e+00 -3.863628e-03 4.243703e-02 -1.935079e-06
1.582000e+01 3.580407e+00 -3.546119e-03 3.500473e-02 -2.826475e-06
1.616000e+01 2.094395e-02 -2.538948e-05 3.787843e-04 -1.135452e-05
1.616000e+01 3.183814e-02 -2.900640e-05 4.717829e-04 -8.373426e-06
1.616000e+01 4.770840e-02 -7.818804e-05 1.207104e-03 -1.361079e-05
1.616000e+01 7.025257e-02 -1.416205e-04 1.992021e-03 -1.437939e-05
1.616000e+01 9.773653e-02 -2.206503e-04 3.021388e-03 -1.537343e-05
1.616000e+01 1.368335e-01 -3.082745e-04 4.237367e-03 -1.228195e-05
1.616000e+01 1.929536e-01 -4.451105e-04 6.174091e-03 -1.091495e-05
1.616000e+01 2.695639e-01 -6.296001e-04 8.651376e-03 -9.504549e-06
1.616000e+01 3.777252e-01 -8.643681e-04 1.143534e-02 -7.832687e-06
1.616000e+01 5.288205e-01 -1.141776e-03 1.467294e-02 -6.309022e-06
1.616000e+01 7.401737e-01 -1.427839e-03 1.825050e-02 -4.767415e-06
1.616000e+01 1.036455e+00 -1.818891e-03 2.334208e-02 -3.673155e-06
1.616000e+01 1.451071e+00 -2.270992e-03 3.044479e-02 -2.773367e-06
1.616000e+01 2.031429e+00 -2.838344e-03 3.817058e-02 -2.094758e-06
1.616000e+01 2.784068e+00 -3.337706e-03 4.152533e-02 -1.671673e-06
1.616000e+01 3.580407e+00 -3.079401e-03 3.418764e-02 -2.454472e-06
1.650000e+01 2.094395e-02 -2.039348e-05 3.641637e-04 -9.120243e-06
1.650000e+01 3.183814e-02 -2.329029e-05 4.536551e-04 -6.723328e-06
1.650000e+01 4.770840e-02 -6.298821e-05 1.160702e-03 -1.096484e-05
1.650000e+01 7.025257e-02 -1.135661e-04 1.915221e-03 -1.153089e-05
1.650000e+01 9.773653e-02 -1.761315e-04 2.905570e-03 -1.227167e-05
1.650000e+01 1.368335e-01 -2.495406e-04 4.074579e-03 -9.941934e-06
1.650000e+01 1.929536e-01 -3.572774e-04 5.934913e-03 -8.761116e-06
1.650000e+01 2.695639e-01 -5.061445e-04 8.319423e-03 -7.640842e-06
1.650000e+01 3.777252e-01 -6.958589e-04 1.100567e-02 -6.305699e-06
1.650000e+01 5.288205e-01 -9.188866e-04 1.414499e-02 -5.077419e-06
1.650000e+01 7.401737e-01 -1.161300e-03 1.768334e-02 -3.877468e-06
1.650000e+01 1.036455e+00 -1.491478e-03 2.278461e-02 -3.011963e-06
1.650000e+01 1.451071e+00 -1.898261e-03 2.987913e-02 -2.318183e-06
1.650000e+01 2.031429e+00 -2.418701e-03 3.741704e-02 -1.785053e-06
1.650000e+01 2.784068e+00 -2.862291e-03 4.062529e-02 -1.433564e-06
1.650000e+01 3.580407e+00 -2.643417e-03 3.345681e-02 -2.106966e-06
1.685000e+01 2.094395e-02 -1.620892e-05 3.499879e-04 -7.248851e-06
1.685000e+01 3.183814e-02 -1.865805e-05 4.360699e-04 -5.386115e-06
1.685000e+01 4.770840e-02 -5.083799e-05 1.115714e-03 -8.849759e-06
1.685000e+01 7.025257e-02 -9.048819e-05 1.841000e-03 -9.187683e-06
1.685000e+01 9.773653e-02 -1.407769e-04 2.792774e-03 -9.808393e-06
1.685000e+01 1.368335e-01 -1.998754e-04 3.916330e-03 -7.963228e-06
1.685000e+01 1.929536e-01 -2.859021e-04 5.704618e-03 -7.010858e-06
1.685000e+01 2.695639e-01 -4.041106e-04 7.997906e-03 -6.100521e-06
1.685000e+01 3.777252e-01 -5.557831e-04 1.058881e-02 -5.036367e-06
1.685000e+01 5.288205e-01 -7.382765e-04 1.363379e-02 -4.079436e-06
1.685000e+01 7.401737e-01 -9.335916e-04 1.713608e-02 -3.117172e-06
1.685000e+01 1.036455e+00 -1.219297e-03 2.228620e-02 -2.462307e-06
1.685000e+01 1.451071e+00 -1.575024e-03 2.933520e-02 -1.923441e-06
1.685000e+01 2.031429e+00 -2.037673e-03 3.665749e-02 -1.503846e-06
1.685000e+01 2.784068e+00 -2.435285e-03 3.974730e-02 -1.219700e-06
1.685000e+01 3.580407e+00 -2.243538e-03 3.275396e-02 -1.788238e-06
1.721000e+01 2.094395e-02 -1.264881e-05 3.362735e-04 -5.656719e-06
1.721000e+01 3.183814e-02 -1.475542e-05 4.189995e-04 -4.259523e-06
1.721000e+01 4.770840e-02 -3.987956e-05 1.072091e-03 -6.942140e-06
1.721000e+01 7.025257e-02 -7.168211e-05 1.769436e-03 -7.278215e-06
1.721000e+01 9.773653e-02 -1.110289e-04 2.683608e-03 -7.735753e-06
1.721000e+01 1.368335e-01 -1.587466e-04 3.763397e-03 -6.324615e-06
1.721000e+01 1.929536e-01 -2.260789e-04 5.480531e-03 -5.543880e-06
1.721000e+01 2.695639e-01 -3.188696e-04 7.687793e-03 -4.813708e-06
1.721000e+01 3.777252e-01 -4.395507e-04 1.018760e-02 -3.983098e-06
1.721000e+01 5.288205e-01 -5.864514e-04 1.313906e-02 -3.240508e-06
1.721000e+01 7.401737e-01 -7.460125e-04 1.661102e-02 -2.490863e-06
1.721000e+01 1.036455e+00 -9.912048e-04 2.178383e-02 -2.001687e-06
1.721000e+01 1.451071e+00 -1.298476e-03 2.879525e-02 -1.585717e-06
1.721000e+01 2.031429e+00 -1.703123e-03 3.589793e-02 -1.256941e-06
1.721000e+01 2.784068e+00 -2.050146e-03 3.886476e-02 -1.026805e-06
1.721000e+01 3.580407e+00 -1.906415e-03 3.198365e-02 -1.519530e-06
1.757000e+01 2.094395e-02 -9.882068e-06 3.233295e-04 -4.419395e-06
1.757000e+01 3.183814e-02 -1.158938e-05 4.028926e-04 -3.345565e-06
1.757000e+01 4.770840e-02 -3.170192e-05 1.030944e-03 -5.518596e-06
1.757000e+01 7.025257e-02 -5.684247e-05 1.701826e-03 -5.771478e-06
1.757000e+01 9.773653e-02 -8.734863e-05 2.579757e-03 -6.085868e-06
1.757000e+01 1.368335e-01 -1.253558e-04 3.619198e-03 -4.994295e-06
1.757000e+01 1.929536e-01 -1.782656e-04 5.267653e-03 -4.371409e-06
1.757000e+01 2.695639e-01 -2.525432e-04 7.394564e-03 -3.812434e-06
1.757000e+01 3.777252e-01 -3.478325e-04 9.810314e-03 -3.151970e-06
1.757000e+01 5.288205e-01 -4.645097e-04 1.267400e-02 -2.566704e-06
1.757000e+01 7.401737e-01 -5.953477e-04 1.611966e-02 -1.987808e-06
1.757000e+01 1.036455e+00 -8.013420e-04 2.131680e-02 -1.618269e-06
1.757000e+01 1.451071e+00 -1.064714e-03 2.828557e-02 -1.300243e-06
1.757000e+01 2.031429e+00 -1.418520e-03 3.518906e-02 -1.046898e-06
1.757000e+01 2.784068e+00 -1.722295e-03 3.804503e-02 -8.626029e-07
1.757000e+01 3.580407e+00 -1.616451e-03 3.134641e-02 -1.288411e-06
1.794000e+01 2.094395e-02 -7.746244e-06 3.107645e-04 -3.464226e-06
1.794000e+01 3.183814e-02 -9.220285e-06 3.872171e-04 -2.661667e-06
1.794000e+01 4.770840e-02 -2.490091e-05 9.910933e-04 -4.334691e-06
1.794000e+01 7.025257e-02 -4.458426e-05 1.636145e-03 -4.526846e-06
1.794000e+01 9.773653e-02 -6.813849e-05 2.479545e-03 -4.747433e-06
1.794000e+01 1.368335e-01 -9.934323e-05 3.479393e-03 -3.957929e-06
1.794000e+01 1.929536e-01 -1.395913e-04 5.061436e-03 -3.423042e-06
1.794000e+01 2.695639e-01 -1.979981e-04 7.106231e-03 -2.989012e-06
1.794000e+01 3.777252e-01 -2.736412e-04 9.442946e-03 -2.479668e-06
1.794000e+01 5.288205e-01 -3.652814e-04 1.223004e-02 -2.018406e-06
1.794000e+01 7.401737e-01 -4.756434e-04 1.564625e-02 -1.588127e-06
1.794000e+01 1.036455e+00 -6.462300e-04 2.088973e-02 -1.305028e-06
1.794000e+01 1.451071e+00 -8.698737e-04 2.777854e-02 -1.062302e-06
1.794000e+01 2.031429e+00 -1.172074e-03 3.450013e-02 -8.650159e-07
1.794000e+01 2.784068e+00 -1.431666e-03 3.720992e-02 -7.170429e-07
1.794000e+01 3.580407e+00 -1.351377e-03 3.065904e-02 -1.077130e-06
1.832000e+01 2.094395e-02 -6.086203e-06 2.985958e-04 -2.721833e-06
1.832000e+01 3.183814e-02 -7.043475e-06 3.720075e-04 -2.033276e-06
1.832000e+01 4.770840e-02 -1.937877e-05 9.522728e-04 -3.373411e-06
1.832000e+01 7.025257e-02 -3.439693e-05 1.572457e-03 -3.492479e-06
1.832000e+01 9.773653e-02 -5.382781e-05 2.382425e-03 -3.750362e-06
1.832000e+01 1.368335e-01 -7.682316e-05 3.344148e-03 -3.060708e-06
1.832000e+01 1.929536e-01 -1.074464e-04 4.863338e-03 -2.634789e-06
1.832000e+01 2.695639e-01 -1.532279e-04 6.827759e-03 -2.313154e-06
1.832000e+01 3.777252e-01 -2.116075e-04 9.084796e-03 -1.917534e-06
1.832000e+01 5.288205e-01 -2.841404e-04 1.180321e-02 -1.570052e-06
1.832000e+01 7.401737e-01 -3.729506e-04 1.519841e-02 -1.245246e-06
1.832000e+01 1.036455e+00 -5.129751e-04 2.046451e-02 -1.035927e-06
1.832000e+01 1.451071e+00 -6.993121e-04 2.726684e-02 -8.540100e-07
1.832000e+01 2.031429e+00 -9.553671e-04 3.375694e-02 -7.050812e-07
1.832000e+01 2.784068e+00 -1.174099e-03 3.639810e-02 -5.880415e-07
1.832000e+01 3.580407e+00 -1.105959e-03 3.002444e-02 -8.815177e-07
1.871000e+01 2.094395e-02 -4.749122e-06 2.868554e-04 -2.123872e-06
1.871000e+01 3.183814e-02 -5.305235e-06 3.573280e-04 -1.531489e-06
1.871000e+01 4.770840e-02 -1.509096e-05 9.149241e-04 -2.626998e-06
1.871000e+01 7.025257e-02 -2.661319e-05 1.510602e-03 -2.702160e-06
1.871000e+01 9.773653e-02 -4.158174e-05 2.288557e-03 -2.897137e-06
1.871000e+01 1.368335e-01 -5.906477e-05 3.212736e-03 -2.353197e-06
1.871000e+01 1.929536e-01 -8.286876e-05 4.672307e-03 -2.032098e-06
1.871000e+01 2.695639e-01 -1.182770e-04 6.562211e-03 -1.785529e-06
1.871000e+01 3.777252e-01 -1.650531e-04 8.745188e-03 -1.495670e-06
1.871000e+01 5.288205e-01 -2.201567e-04 1.139192e-02 -1.216503e-06
1.871000e+01 7.401737e-01 -2.914707e-04 1.476588e-02 -9.731925e-07
1.871000e+01 1.036455e+00 -4.042441e-04 2.004439e-02 -8.163499e-07
1.871000e+01 1.451071e+00 -5.580853e-04 2.676700e-02 -6.815418e-07
1.871000e+01 2.031429e+00 -7.720369e-04 3.304624e-02 -5.697796e-07
1.871000e+01 2.784068e+00 -9.515509e-04 3.561485e-02 -4.765795e-07
1.871000e+01 3.580407e+00 -8.933282e-04 2.944210e-02 -7.120375e-07
1.910000e+01 2.094395e-02 -6.700087e-09 2.758066e-04 -2.996370e-09
1.910000e+01 3.183814e-02 -6.845852e-09 3.435096e-04 -1.976227e-09
1.910000e+01 4.770840e-02 -1.486330e-08 8.797519e-04 -2.587369e-09
1.910000e+01 7.025257e-02 -2.268986e-08 1.452815e-03 -2.303806e-09
1.910000e+01 9.773653e-02 -2.866055e-08 2.199959e-03 -1.996875e-09
1.910000e+01 1.368335e-01 -2.251199e-08 3.088956e-03 -8.968993e-10
1.910000e+01 1.929536e-01 -9.951780e-09 4.492239e-03 -2.440364e-10
1.910000e+01 2.695639e-01 1.000560e-08 6.313489e-03 1.510462e-10
1.910000e+01 3.777252e-01 4.031433e-08 8.423182e-03 3.653183e-10
1.910000e+01 5.288205e-01 7.385320e-08 1.100468e-02 4.080848e-10
1.910000e+01 7.401737e-01 9.520470e-08 1.436517e-02 3.178792e-10
1.910000e+01 1.036455e+00 9.003838e-08 1.965245e-02 1.818278e-10
1.910000e+01 1.451071e+00 5.859031e-08 2.626588e-02 7.155133e-11
1.910000e+01 2.031429e+00 2.583643e-08 3.230786e-02 1.906783e-11
1.910000e+01 2.784068e+00 1.002248e-08 3.487665e-02 5.019706e-12
1.910000e+01 3.580407e+00 2.712153e-09 2.888654e-02 2.161753e-12
1.951000e+01 2.094395e-02 -4.081086e-09 2.648660e-04 -1.825117e-09
1.951000e+01 3.183814e-02 -4.028626e-09 3.298158e-04 -1.162964e-09
1.951000e+01 4.770840e-02 -8.457492e-09 8.448850e-04 -1.472260e-09
1.951000e+01 7.025257e-02 -1.293843e-08 1.395345e-03 -1.313698e-09
1.951000e+01 9.773653e-02 -1.560555e-08 2.112230e-03 -1.087290e-09
1.951000e+01 1.368335e-01 -8.573491e-09 2.966498e-03 -3.415761e-10
1.951000e+01 1.929536e-01 4.531406e-09 4.313350e-03 1.111186e-10
1.951000e+01 2.695639e-01 2.380011e-08 6.067051e-03 3.592904e-10
1.951000e+01 3.777252e-01 5.107042e-08 8.100754e-03 4.627873e-10
1.951000e+01 5.288205e-01 8.025882e-08 1.062470e-02 4.434798e-10
1.951000e+01 7.401737e-01 9.742079e-08 1.397176e-02 3.252785e-10
1.951000e+01 1.036455e+00 9.030241e-08 1.925429e-02 1.823610e-10
1.951000e+01 1.451071e+00 5.921144e-08 2.575811e-02 7.230985e-11
1.951000e+01 2.031429e+00 2.646478e-08 3.158406e-02 1.953157e-11
1.951000e+01 2.784068e+00 9.766229e-09 3.412468e-02 4.891367e-12
1.951000e+01 3.580407e+00 2.674235e-09 2.837885e-02 2.131530e-12
1.992000e+01 2.094395e-02 -2.185250e-09 2.545605e-04 -9.772736e-10
1.992000e+01 3.183814e-02 -1.897057e-09 3.170020e-04 -5.476331e-10
1.992000e+01 4.770840e-02 -3.569149e-09 8.120098e-04 -6.213091e-10
1.992000e+01 7.025257e-02 -5.439060e-09 1.341228e-03 -5.522529e-10
1.992000e+01 9.773653e-02 -5.694288e-09 2.030189e-03 -3.967398e-10
1.992000e+01 1.368335e-01 2.135097e-09 2.851363e-03 8.506431e-11
1.992000e+01 1.929536e-01 1.557549e-08 4.146282e-03 3.819404e-10
1.992000e+01 2.695639e-01 3.432949e-08 5.835305e-03 5.182437e-10
1.992000e+01 3.777252e-01 5.892247e-08 7.796476e-03 5.339406e-10
1.992000e+01 5.288205e-01 8.447947e-08 1.027633e-02 4.668015e-10
1.992000e+01 7.401737e-01 9.804310e-08 1.361022e-02 3.273564e-10
1.992000e+01 1.036455e+00 8.954356e-08 1.885878e-02 1.808286e-10
1.992000e+01 1.451071e+00 5.919180e-08 2.525503e-02 7.228587e-11
1.992000e+01 2.031429e+00 2.638741e-08 3.088830e-02 1.947447e-11
1.992000e+01 2.784068e+00 9.407635e-09 3.337840e-02 4.711767e-12
1.992000e+01 3.580407e+00 2.349010e-09 2.780881e-02 1.872306e-12
2.034000e+01 2.094395e-02 -7.724417e-10 2.446327e-04 -3.454464e-10
2.034000e+01 3.183814e-02 -3.260169e-10 3.046996e-04 -9.411298e-11
2.034000e+01 4.770840e-02 5.790895e-11 7.803510e-04 1.008065e-11
2.034000e+01 7.025257e-02 1.646371e-10 1.288901e-03 1.671636e-11
2.034000e+01 9.773653e-02 2.090173e-09 1.951226e-03 1.456293e-10
2.034000e+01 1.368335e-01 1.020022e-08 2.739745e-03 4.063864e-10
2.034000e+01 1.929536e-01 2.374466e-08 3.983885e-03 5.822639e-10
2.034000e+01 2.695639e-01 4.195024e-08 5.610353e-03 6.332879e-10
2.034000e+01 3.777252e-01 6.433621e-08 7.508625e-03 5.829986e-10
2.034000e+01 5.288205e-01 8.677594e-08 9.942293e-03 4.794909e-10
2.034000e+01 7.401737e-01 9.735252e-08 1.326102e-02 3.250506e-10
2.034000e+01 1.036455e+00 8.796824e-08 1.849431e-02 1.776473e-10
2.034000e+01 1.451071e+00 5.868428e-08 2.474404e-02 7.166608e-11
2.034000e+01 2.031429e+00 2.568666e-08 3.022080e-02 1.895730e-11
2.034000e+01 2.784068e+00 8.922649e-09 3.271344e-02 4.468864e-12
2.034000e+01 3.580407e+00 2.259828e-09 2.732356e-02 1.801222e-12
2.076000e+01 2.094395e-02 3.205442e-10 2.352826e-04 1.433517e-10
2.076000e+01 3.183814e-02 8.003689e-10 2.930118e-04 2.310466e-10
2.076000e+01 4.770840e-02 2.653387e-09 7.505492e-04 4.618953e-10
2.076000e+01 7.025257e-02 4.178506e-09 1.239817e-03 4.242630e-10
2.076000e+01 9.773653e-02 7.509361e-09 1.876189e-03 5.232020e-10
2.076000e+01 1.368335e-01 1.594393e-08 2.634699e-03 6.352213e-10
2.076000e+01 1.929536e-01 2.946685e-08 3.830415e-03 7.225828e-10
2.076000e+01 2.695639e-01 4.716300e-08 5.398795e-03 7.119806e-10
2.076000e+01 3.777252e-01 6.762240e-08 7.235675e-03 6.127772e-10
2.076000e+01 5.288205e-01 8.748245e-08 9.624596e-03 4.833949e-10
2.076000e+01 7.401737e-01 9.566121e-08 1.293620e-02 3.194035e-10
2.076000e+01 1.036455e+00 8.570989e-08 1.814926e-02 1.730867e-10
2.076000e+01 1.451071e+00 5.765386e-08 2.425603e-02 7.040771e-11
2.076000e+01 2.031429e+00 2.465382e-08 2.957309e-02 1.819504e-11
2.076000e+01 2.784068e+00 8.115367e-09 3.207792e-02 4.064541e-12
2.076000e+01 3.580407e+00 2.136022e-09 2.689334e-02 1.702541e-12
2.120000e+01 2.094395e-02 9.654338e-10 2.260637e-04 4.317551e-10
2.120000e+01 3.183814e-02 1.583203e-09 2.815063e-04 4.570314e-10
2.120000e+01 4.770840e-02 4.440926e-09 7.212235e-04 7.730659e-10
2.120000e+01 7.025257e-02 7.044681e-09 1.191035e-03 7.152790e-10
2.120000e+01 9.773653e-02 1.164178e-08 1.802611e-03 8.111213e-10
2.120000e+01 1.368335e-01 1.990415e-08 2.531883e-03 7.930002e-10
2.120000e+01 1.929536e-01 3.323276e-08 3.681896e-03 8.149300e-10
2.120000e+01 2.695639e-01 5.032147e-08 5.193522e-03 7.596612e-10
2.120000e+01 3.777252e-01 6.921882e-08 6.967400e-03 6.272435e-10
2.120000e+01 5.288205e-01 8.682496e-08 9.316820e-03 4.797618e-10
2.120000e+01 7.401737e-01 9.315163e-08 1.262399e-02 3.110242e-10
2.120000e+01 1.036455e+00 8.280864e-08 1.779812e-02 1.672278e-10
2.120000e+01 1.451071e+00 5.612579e-08 2.376266e-02 6.854161e-11
2.120000e+01 2.031429e+00 2.337065e-08 2.893310e-02 1.724804e-11
2.120000e+01 2.784068e+00 6.705520e-09 3.144423e-02 3.358426e-12
2.120000e+01 3.580407e+00 1.377644e-09 2.652488e-02 1.098067e-12
2.164000e+01 2.094395e-02 1.436959e-09 2.173705e-04 6.426278e-10
2.164000e+01 3.183814e-02 2.086151e-09 2.706907e-04 6.022200e-10
2.164000e+01 4.770840e-02 5.606604e-09 6.934205e-04 9.759845e-10
2.164000e+01 7.025257e-02 8.900324e-09 1.145151e-03 9.036910e-10
2.164000e+01 9.773653e-02 1.418015e-08 1.733256e-03 9.879781e-10
2.164000e+01 1.368335e-01 2.240144e-08 2.435251e-03 8.924948e-10
2.164000e+01 1.929536e-01 3.544519e-08 3.540378e-03 8.691830e-10
2.164000e+01 2.695639e-01 5.190482e-08 4.997817e-03 7.835639e-10
2.164000e+01 3.777252e-01 6.941194e-08 6.716120e-03 6.289935e-10
2.164000e+01 5.288205e-01 8.517381e-08 9.032206e-03 4.706382e-10
2.164000e+01 7.401737e-01 8.986692e-08 1.233754e-02 3.000569e-10
2.164000e+01 1.036455e+00 7.954884e-08 1.745754e-02 1.606448e-10
2.164000e+01 1.451071e+00 5.461674e-08 2.327169e-02 6.669875e-11
2.164000e+01 2.031429e+00 2.253404e-08 2.829679e-02 1.663060e-11
2.164000e+01 2.784068e+00 4.102673e-09 3.082338e-02 2.054803e-12
2.164000e+01 3.580407e+00 4.259657e-10 2.614598e-02 3.395209e-13
2.209000e+01 2.094395e-02 1.829105e-09 2.090136e-04 8.180006e-10
2.209000e+01 3.183814e-02 2.405769e-09 2.602519e-04 6.944856e-10
2.209000e+01 4.770840e-02 6.341591e-09 6.667995e-04 1.103929e-09
2.209000e+01 7.025257e-02 1.026289e-08 1.101102e-03 1.042038e-09
2.209000e+01 9.773653e-02 1.557574e-08 1.666290e-03 1.085213e-09
2.209000e+01 1.368335e-01 2.380521e-08 2.341561e-03 9.484224e-10
2.209000e+01 1.929536e-01 3.643202e-08 3.405546e-03 8.933819e-10
2.209000e+01 2.695639e-01 5.223289e-08 4.812760e-03 7.885165e-10
2.209000e+01 3.777252e-01 6.847483e-08 6.474430e-03 6.205017e-10
2.209000e+01 5.288205e-01 8.269987e-08 8.759037e-03 4.569681e-10
2.209000e+01 7.401737e-01 8.614997e-08 1.206798e-02 2.876464e-10
2.209000e+01 1.036455e+00 7.582339e-08 1.712025e-02 1.531214e-10
2.209000e+01 1.451071e+00 5.262449e-08 2.277383e-02 6.426578e-11
2.209000e+01 2.031429e+00 2.134348e-08 2.768675e-02 1.575194e-11
2.209000e+01 2.784068e+00 1.448236e-09 3.022571e-02 7.253417e-13
2.209000e+01 3.580407e+00 -3.883802e-10 2.574275e-02 -3.095629e-13
2.256000e+01 2.094395e-02 1.980647e-09 2.007653e-04 8.857721e-10
2.256000e+01 3.183814e-02 2.570743e-09 2.499923e-04 7.421096e-10
2.256000e+01 4.770840e-02 6.694874e-09 6.404905e-04 1.165428e-09
2.256000e+01 7.025257e-02 1.080890e-08 1.057616e-03 1.097478e-09
2.256000e+01 9.773653e-02 1.656759e-08 1.600629e-03 1.154319e-09
2.256000e+01 1.368335e-01 2.437447e-08 2.249535e-03 9.711023e-10
2.256000e+01 1.929536e-01 3.651350e-08 3.273026e-03 8.953798e-10
2.256000e+01 2.695639e-01 5.160812e-08 4.630948e-03 7.790847e-10
2.256000e+01 3.777252e-01 6.670088e-08 6.241632e-03 6.044267e-10
2.256000e+01 5.288205e-01 7.958276e-08 8.495846e-03 4.397442e-10
2.256000e+01 7.401737e-01 8.197601e-08 1.179154e-02 2.737099e-10
2.256000e+01 1.036455e+00 7.180877e-08 1.677934e-02 1.450141e-10
2.256000e+01 1.451071e+00 5.034959e-08 2.228584e-02 6.148764e-11
2.256000e+01 2.031429e+00 2.006722e-08 2.707153e-02 1.481003e-11
2.256000e+01 2.784068e+00 -1.076785e-09 2.964261e-02 -5.393024e-13
2.256000e+01 3.580407e+00 -1.440882e-09 2.538916e-02 -1.148471e-12
2.303000e+01 2.094395e-02 2.074970e-09 1.930121e-04 9.279548e-10
2.303000e+01 3.183814e-02 2.625456e-09 2.403355e-04 7.579038e-10
2.303000e+01 4.770840e-02 6.811300e-09 6.157855e-04 1.185695e-09
2.303000e+01 7.025257e-02 1.105343e-08 1.016927e-03 1.122305e-09
2.303000e+01 9.773653e-02 1.668091e-08 1.538866e-03 1.162214e-09
2.303000e+01 1.368335e-01 2.428520e-08 2.162987e-03 9.675455e-10
2.303000e+01 1.929536e-01 3.589716e-08 3.149424e-03 8.802662e-10
2.303000e+01 2.695639e-01 5.023103e-08 4.461117e-03 7.582960e-10
2.303000e+01 3.777252e-01 6.430271e-08 6.020936e-03 5.826950e-10
2.303000e+01 5.288205e-01 7.600014e-08 8.249914e-03 4.199479e-10
2.303000e+01 7.401737e-01 7.754341e-08 1.153893e-02 2.589099e-10
2.303000e+01 1.036455e+00 6.753834e-08 1.645414e-02 1.363902e-10
2.303000e+01 1.451071e+00 4.747161e-08 2.180373e-02 5.797300e-11
2.303000e+01 2.031429e+00 1.919947e-08 2.647325e-02 1.416962e-11
2.303000e+01 2.784068e+00 -1.984869e-09 2.909056e-02 -9.941114e-13
2.303000e+01 3.580407e+00 -1.798497e-09 2.504101e-02 -1.433513e-12
2.351000e+01 2.094395e-02 2.054912e-09 1.855615e-04 9.189846e-10
2.351000e+01 3.183814e-02 2.604012e-09 2.310367e-04 7.517134e-10
2.351000e+01 4.770840e-02 6.727493e-09 5.920799e-04 1.171106e-09
2.351000e+01 7.025257e-02 1.087513e-08 9.776661e-04 1.104203e-09
2.351000e+01 9.773653e-02 1.643990e-08 1.479438e-03 1.145422e-09
2.351000e+01 1.368335e-01 2.370172e-08 2.080725e-03 9.442993e-10
2.351000e+01 1.929536e-01 3.475502e-08 3.030067e-03 8.522586e-10
2.351000e+01 2.695639e-01 4.838879e-08 4.300248e-03 7.304852e-10
2.351000e+01 3.777252e-01 6.152077e-08 5.814842e-03 5.574858e-10
2.351000e+01 5.288205e-01 7.204974e-08 8.019839e-03 3.981196e-10
2.351000e+01 7.401737e-01 7.298907e-08 1.130312e-02 2.437034e-10
2.351000e+01 1.036455e+00 6.292986e-08 1.613481e-02 1.270836e-10
2.351000e+01 1.451071e+00 4.418712e-08 2.132710e-02 5.396194e-11
2.351000e+01 2.031429e+00 1.925191e-08 2.589109e-02 1.420832e-11
2.351000e+01 2.784068e+00 -3.559146e-10 2.857655e-02 -1.782580e-13
2.351000e+01 3.580407e+00 -1.208138e-09 2.472176e-02 -9.629604e-13
2.400000e+01 2.094395e-02 2.020749e-09 1.784010e-04 9.037065e-10
2.400000e+01 3.183814e-02 2.532900e-09 2.221073e-04 7.311852e-10
2.400000e+01 4.770840e-02 6.555057e-09 5.693496e-04 1.141089e-09
2.400000e+01 7.025257e-02 1.069015e-08 9.398286e-04 1.085420e-09
2.400000e+01 9.773653e-02 1.612972e-08 1.422318e-03 1.123811e-09
2.400000e+01 1.368335e-01 2.291077e-08 2.001574e-03 9.127871e-10
2.400000e+01 1.929536e-01 3.332221e-08 2.916947e-03 8.171235e-10
2.400000e+01 2.695639e-01 4.617266e-08 4.145866e-03 6.970302e-10
2.400000e+01 3.777252e-01 5.834183e-08 5.619102e-03 5.286790e-10
2.400000e+01 5.288205e-01 6.799128e-08 7.799560e-03 3.756940e-10
2.400000e+01 7.401737e-01 6.841537e-08 1.106829e-02 2.284323e-10
2.400000e+01 1.036455e+00 5.840675e-08 1.582360e-02 1.179494e-10
2.400000e+01 1.451071e+00 4.072910e-08 2.085491e-02 4.973896e-11
2.400000e+01 2.031429e+00 1.885906e-08 2.533993e-02 1.391839e-11
2.400000e+01 2.784068e+00 1.519189e-09 2.805867e-02 7.608783e-13
2.400000e+01 3.580407e+00 -7.619841e-10 2.449638e-02 -6.073482e-13
2.450000e+01 2.094395e-02 1.888538e-09 1.715034e-04 8.445797e-10
2.450000e+01 3.183814e-02 2.429823e-09 2.135276e-04 7.014295e-10
2.450000e+01 4.770840e-02 6.230022e-09 5.474445e-04 1.084508e-09
2.450000e+01 7.025257e-02 1.013083e-08 9.034508e-04 1.028630e-09
2.450000e+01 9.773653e-02 1.550156e-08 1.367316e-03 1.080045e-09
2.450000e+01 1.368335e-01 2.179337e-08 1.924750e-03 8.682686e-10
2.450000e+01 1.929536e-01 3.160281e-08 2.806599e-03 7.749605e-10
2.450000e+01 2.695639e-01 4.367298e-08 3.998091e-03 6.592945e-10
2.450000e+01 3.777252e-01 5.499713e-08 5.429529e-03 4.983702e-10
2.450000e+01 5.288205e-01 6.375227e-08 7.590682e-03 3.522709e-10
2.450000e+01 7.401737e-01 6.379296e-08 1.084321e-02 2.129985e-10
2.450000e+01 1.036455e+00 5.397668e-08 1.551264e-02 1.090031e-10
2.450000e+01 1.451071e+00 3.715399e-08 2.039986e-02 4.537298e-11
2.450000e+01 2.031429e+00 1.826145e-08 2.481890e-02 1.347733e-11
2.450000e+01 2.784068e+00 3.466708e-09 2.759722e-02 1.736283e-12
2.450000e+01 3.580407e+00 -4.558145e-10 2.421996e-02 -3.633122e-13
2.501000e+01 2.094395e-02 1.794450e-09 1.648810e-04 8.025025e-10
2.501000e+01 3.183814e-02 2.304945e-09 2.052761e-04 6.653804e-10
2.501000e+01 4.770840e-02 5.901948e-09 5.264392e-04 1.027397e-09
2.501000e+01 7.025257e-02 9.627388e-09 8.684665e-04 9.775131e-10
2.501000e+01 9.773653e-02 1.462904e-08 1.314497e-03 1.019254e-09
2.501000e+01 1.368335e-01 2.056297e-08 1.851189e-03 8.192485e-10
2.501000e+01 1.929536e-01 2.974165e-08 2.700709e-03 7.293214e-10
2.501000e+01 2.695639e-01 4.102070e-08 3.856467e-03 6.192553e-10
2.501000e+01 3.777252e-01 5.151231e-08 5.248074e-03 4.667916e-10
2.501000e+01 5.288205e-01 5.949504e-08 7.392315e-03 3.287470e-10
2.501000e+01 7.401737e-01 5.922736e-08 1.061978e-02 1.977544e-10
2.501000e+01 1.036455e+00 4.961549e-08 1.519919e-02 1.001959e-10
2.501000e+01 1.451071e+00 3.353180e-08 1.995252e-02 4.094952e-11
2.501000e+01 2.031429e+00 1.765686e-08 2.431194e-02 1.303114e-11
2.501000e+01 2.784068e+00 5.152627e-09 2.715058e-02 2.580667e-12
2.501000e+01 3.580407e+00 -6.489914e-11 2.399300e-02 -5.172861e-14
2.553000e+01 2.094395e-02 1.702483e-09 1.584979e-04 7.613733e-10
2.553000e+01 3.183814e-02 2.162405e-09 1.972970e-04 6.242324e-10
2.553000e+01 4.770840e-02 5.538921e-09 5.060621e-04 9.642024e-10
2.553000e+01 7.025257e-02 9.038750e-09 8.345144e-04 9.177460e-10
2.553000e+01 9.773653e-02 1.373437e-08 1.264028e-03 9.569188e-10
2.553000e+01 1.368335e-01 1.925727e-08 1.780363e-03 7.672280e-10
2.553000e+01 1.929536e-01 2.779288e-08 2.599048e-03 6.815340e-10
2.553000e+01 2.695639e-01 3.826996e-08 3.719912e-03 5.777297e-10
2.553000e+01 3.777252e-01 4.796965e-08 5.080137e-03 4.346889e-10
2.553000e+01 5.288205e-01 5.521481e-08 7.203254e-03 3.050961e-10
2.553000e+01 7.401737e-01 5.481671e-08 1.041612e-02 1.830277e-10
2.553000e+01 1.036455e+00 4.535041e-08 1.488897e-02 9.158280e-11
2.553000e+01 1.451071e+00 3.002713e-08 1.948798e-02 3.666955e-11
2.553000e+01 2.031429e+00 1.701438e-08 2.380511e-02 1.255697e-11
2.553000e+01 2.784068e+00 6.555034e-09 2.671175e-02 3.283056e-12
2.553000e+01 3.580407e+00 1.030025e-10 2.380897e-02 8.209935e-14
2.606000e+01 2.094395e-02 1.600321e-09 1.523566e-04 7.156851e-10
2.606000e+01 3.183814e-02 2.011578e-09 1.896388e-04 5.806925e-10
2.606000e+01 4.770840e-02 5.147212e-09 4.865473e-04 8.960145e-10
2.606000e+01 7.025257e-02 8.422328e-09 8.017107e-04 8.551579e-10
2.606000e+01 9.773653e-02 1.285925e-08 1.215736e-03 8.959465e-10
2.606000e+01 1.368335e-01 1.790118e-08 1.712470e-03 7.132000e-10
2.606000e+01 1.929536e-01 2.582603e-08 2.502036e-03 6.333029e-10
2.606000e+01 2.695639e-01 3.548275e-08 3.588182e-03 5.356536e-10
2.606000e+01 3.777252e-01 4.445021e-08 4.920960e-03 4.027966e-10
2.606000e+01 5.288205e-01 5.105995e-08 7.025481e-03 2.821379e-10
2.606000e+01 7.401737e-01 5.049101e-08 1.020796e-02 1.685846e-10
2.606000e+01 1.036455e+00 4.123535e-08 1.458604e-02 8.327265e-11
2.606000e+01 1.451071e+00 2.678711e-08 1.905011e-02 3.271281e-11
2.606000e+01 2.031429e+00 1.641955e-08 2.332920e-02 1.211798e-11
2.606000e+01 2.784068e+00 7.613443e-09 2.630814e-02 3.813155e-12
2.606000e+01 3.580407e+00 4.299477e-10 2.367522e-02 3.426948e-13
2.660000e+01 2.094395e-02 1.460182e-09 1.464527e-04 6.530133e-10
2.660000e+01 3.183814e-02 1.858950e-09 1.823011e-04 5.366328e-10
2.660000e+01 4.770840e-02 4.771790e-09 4.678368e-04 8.306620e-10
2.660000e+01 7.025257e-02 7.811869e-09 7.701662e-04 7.931751e-10
2.660000e+01 9.773653e-02 1.175791e-08 1.169138e-03 8.192125e-10
2.660000e+01 1.368335e-01 1.655233e-08 1.646881e-03 6.594606e-10
2.660000e+01 1.929536e-01 2.380757e-08 2.408754e-03 5.838065e-10
2.660000e+01 2.695639e-01 3.267217e-08 3.461411e-03 4.932245e-10
2.660000e+01 3.777252e-01 4.092760e-08 4.772108e-03 3.708757e-10
2.660000e+01 5.288205e-01 4.693555e-08 6.854259e-03 2.593481e-10
2.660000e+01 7.401737e-01 4.626260e-08 1.000954e-02 1.544663e-10
2.660000e+01 1.036455e+00 3.750187e-08 1.428781e-02 7.573307e-11
2.660000e+01 1.451071e+00 2.376735e-08 1.863540e-02 2.902503e-11
2.660000e+01 2.031429e+00 1.547504e-08 2.286257e-02 1.142091e-11
2.660000e+01 2.784068e+00 8.496375e-09 2.589857e-02 4.255367e-12
2.660000e+01 3.580407e+00 9.662211e-10 2.351872e-02 7.701376e-13
2.715000e+01 2.094395e-02 1.366666e-09 1.407546e-04 6.111916e-10
2.715000e+01 3.183814e-02 1.703805e-09 1.751939e-04 4.918460e-10
2.715000e+01 4.770840e-02 4.380997e-09 4.497687e-04 7.626337e-10
2.715000e+01 7.025257e-02 7.150147e-09 7.397347e-04 7.259875e-10
2.715000e+01 9.773653e-02 1.073455e-08 1.124226e-03 7.479114e-10
2.715000e+01 1.368335e-01 1.515920e-08 1.584035e-03 6.039571e-10
2.715000e+01 1.929536e-01 2.175494e-08 2.317427e-03 5.334721e-10
2.715000e+01 2.695639e-01 2.990041e-08 3.339338e-03 4.513816e-10
2.715000e+01 3.777252e-01 3.746649e-08 4.630234e-03 3.395119e-10
2.715000e+01 5.288205e-01 4.282434e-08 6.694434e-03 2.366311e-10
2.715000e+01 7.401737e-01 4.211759e-08 9.809037e-03 1.406265e-10
2.715000e+01 1.036455e+00 3.389114e-08 1.398823e-02 6.844139e-11
2.715000e+01 1.451071e+00 2.140663e-08 1.821570e-02 2.614208e-11
2.715000e+01 2.031429e+00 1.480612e-08 2.240933e-02 1.092723e-11
2.715000e+01 2.784068e+00 8.390474e-09 2.549904e-02 4.202327e-12
2.715000e+01 3.580407e+00 9.719490e-10 2.341175e-02 7.747031e-13
2.771000e+01 2.094395e-02 1.179969e-09 1.352753e-04 5.276982e-10
2.771000e+01 3.183814e-02 1.550050e-09 1.683696e-04 4.474610e-10
2.771000e+01 4.770840e-02 3.973292e-09 4.324462e-04 6.916614e-10
2.771000e+01 7.025257e-02 6.538448e-09 7.106971e-04 6.638788e-10
2.771000e+01 9.773653e-02 9.890493e-09 1.081510e-03 6.891033e-10
2.771000e+01 1.368335e-01 1.379060e-08 1.523785e-03 5.494306e-10
2.771000e+01 1.929536e-01 1.986848e-08 2.231327e-03 4.872126e-10
2.771000e+01 2.695639e-01 2.718774e-08 3.222536e-03 4.104307e-10
2.771000e+01 3.777252e-01 3.406718e-08 4.494598e-03 3.087083e-10
2.771000e+01 5.288205e-01 3.892355e-08 6.539360e-03 2.150768e-10
2.771000e+01 7.401737e-01 3.824267e-08 9.613366e-03 1.276886e-10
2.771000e+01 1.036455e+00 3.063205e-08 1.368384e-02 6.185984e-11
2.771000e+01 1.451071e+00 1.952236e-08 1.780478e-02 2.384099e-11
2.771000e+01 2.031429e+00 1.435921e-08 2.195928e-02 1.059740e-11
2.771000e+01 2.784068e+00 7.895594e-09 2.508718e-02 3.954469e-12
2.771000e+01 3.580407e+00 9.214087e-10 2.322431e-02 7.344194e-13
2.829000e+01 2.094395e-02 1.106333e-09 1.299217e-04 4.947671e-10
2.829000e+01 3.183814e-02 1.397258e-09 1.617051e-04 4.033535e-10
2.829000e+01 4.770840e-02 3.591202e-09 4.154737e-04 6.251480e-10
2.829000e+01 7.025257e-02 5.899590e-09 6.821943e-04 5.990126e-10
2.829000e+01 9.773653e-02 8.887018e-09 1.039999e-03 6.191879e-10
2.829000e+01 1.368335e-01 1.242900e-08 1.464820e-03 4.951831e-10
2.829000e+01 1.929536e-01 1.784095e-08 2.146479e-03 4.374938e-10
2.829000e+01 2.695639e-01 2.450105e-08 3.110266e-03 3.698720e-10
2.829000e+01 3.777252e-01 3.071005e-08 4.363723e-03 2.782867e-10
2.829000e+01 5.288205e-01 3.497274e-08 6.385368e-03 1.932461e-10
2.829000e+01 7.401737e-01 3.432205e-08 9.407723e-03 1.145980e-10
2.829000e+01 1.036455e+00 2.745593e-08 1.337810e-02 5.544582e-11
2.829000e+01 1.451071e+00 1.768362e-08 1.740138e-02 2.159549e-11
2.829000e+01 2.031429e+00 1.365988e-08 2.150006e-02 1.008128e-11
2.829000e+01 2.784068e+00 7.492777e-09 2.469207e-02 3.752720e-12
2.829000e+01 3.580407e+00 9.100575e-10 2.308500e-02 7.253718e-13
2.887000e+01 2.094395e-02 1.018625e-09 1.248685e-04 4.555430e-10
2.887000e+01 3.183814e-02 1.250373e-09 1.553946e-04 3.609516e-10
2.887000e+01 4.770840e-02 3.209578e-09 3.994212e-04 5.587158e-10
2.887000e+01 7.025257e-02 5.247037e-09 6.553727e-04 5.327559e-10
2.887000e+01 9.773653e-02 7.942250e-09 1.000623e-03 5.533628e-10
2.887000e+01 1.368335e-01 1.112070e-08 1.409274e-03 4.430595e-10
2.887000e+01 1.929536e-01 1.592949e-08 2.065692e-03 3.906211e-10
2.887000e+01 2.695639e-01 2.186733e-08 3.003760e-03 3.301129e-10
2.887000e+01 3.777252e-01 2.739503e-08 4.240783e-03 2.482469e-10
2.887000e+01 5.288205e-01 3.118361e-08 6.240748e-03 1.723088e-10
2.887000e+01 7.401737e-01 3.054958e-08 9.206482e-03 1.020021e-10
2.887000e+01 1.036455e+00 2.447302e-08 1.309385e-02 4.942199e-11
2.887000e+01 1.451071e+00 1.589301e-08 1.699947e-02 1.940876e-11
2.887000e+01 2.031429e+00 1.271983e-08 2.107208e-02 9.387506e-12
2.887000e+01 2.784068e+00 7.206688e-09 2.433561e-02 3.609433e-12
2.887000e+01 3.580407e+00 1.111435e-09 2.297442e-02 8.858822e-13
2.947000e+01 2.094395e-02 8.634879e-10 1.199324e-04 3.861635e-10
2.947000e+01 3.183814e-02 1.107143e-09 1.492431e-04 3.196047e-10
2.947000e+01 4.770840e-02 2.821581e-09 3.837613e-04 4.911741e-10
2.947000e+01 7.025257e-02 4.569552e-09 6.292077e-04 4.639677e-10
2.947000e+01 9.773653e-02 7.012088e-09 9.623846e-04 4.885553e-10
2.947000e+01 1.368335e-01 9.837005e-09 1.355086e-03 3.919157e-10
2.947000e+01 1.929536e-01 1.406107e-08 1.987399e-03 3.448038e-10
2.947000e+01 2.695639e-01 1.930285e-08 2.900026e-03 2.913990e-10
2.947000e+01 3.777252e-01 2.418434e-08 4.125000e-03 2.191524e-10
2.947000e+01 5.288205e-01 2.750677e-08 6.096819e-03 1.519920e-10
2.947000e+01 7.401737e-01 2.697753e-08 9.007075e-03 9.007535e-11
2.947000e+01 1.036455e+00 2.160438e-08 1.279935e-02 4.362893e-11
2.947000e+01 1.451071e+00 1.410734e-08 1.660633e-02 1.722808e-11
2.947000e+01 2.031429e+00 1.165682e-08 2.064913e-02 8.602978e-12
2.947000e+01 2.784068e+00 6.989660e-09 2.395719e-02 3.500736e-12
2.947000e+01 3.580407e+00 1.393395e-09 2.281934e-02 1.110621e-12
3.008000e+01 2.094395e-02 7.457198e-10 1.152075e-04 3.334960e-10
3.008000e+01 3.183814e-02 9.613137e-10 1.433437e-04 2.775073e-10
3.008000e+01 4.770840e-02 2.445485e-09 3.687152e-04 4.257042e-10
3.008000e+01 7.025257e-02 3.986756e-09 6.041341e-04 4.047937e-10
3.008000e+01 9.773653e-02 6.093391e-09 9.256451e-04 4.245466e-10
3.008000e+01 1.368335e-01 8.560685e-09 1.302903e-03 3.410659e-10
3.008000e+01 1.929536e-01 1.223555e-08 1.913181e-03 3.000388e-10
3.008000e+01 2.695639e-01 1.678913e-08 2.803025e-03 2.534515e-10
3.008000e+01 3.777252e-01 2.106015e-08 4.014818e-03 1.908418e-10
3.008000e+01 5.288205e-01 2.390085e-08 5.956669e-03 1.320670e-10
3.008000e+01 7.401737e-01 2.345594e-08 8.809384e-03 7.831711e-11
3.008000e+01 1.036455e+00 1.882242e-08 1.250021e-02 3.801090e-11
3.008000e+01 1.451071e+00 1.237786e-08 1.621609e-02 1.511602e-11
3.008000e+01 2.031429e+00 1.045604e-08 2.023830e-02 7.716777e-12
3.008000e+01 2.784068e+00 6.816064e-09 2.357524e-02 3.413791e-12
3.008000e+01 3.580407e+00 1.651163e-09 2.268496e-02 1.316079e-12
3.070000e+01 2.094395e-02 5.806799e-10 1.106929e-04 2.596879e-10
3.070000e+01 3.183814e-02 8.198489e-10 1.376993e-04 2.366700e-10
3.070000e+01 4.770840e-02 2.099647e-09 3.543330e-04 3.655017e-10
3.070000e+01 7.025257e-02 3.400267e-09 5.800377e-04 3.452448e-10
3.070000e+01 9.773653e-02 5.125927e-09 8.906693e-04 3.571402e-10
3.070000e+01 1.368335e-01 7.262071e-09 1.253321e-03 2.893278e-10
3.070000e+01 1.929536e-01 1.042278e-08 1.843208e-03 2.555862e-10
3.070000e+01 2.695639e-01 1.434361e-08 2.710029e-03 2.165336e-10
3.070000e+01 3.777252e-01 1.800161e-08 3.909608e-03 1.631261e-10
3.070000e+01 5.288205e-01 2.042069e-08 5.822626e-03 1.128370e-10
3.070000e+01 7.401737e-01 2.006643e-08 8.611946e-03 6.699987e-11
3.070000e+01 1.036455e+00 1.614998e-08 1.220164e-02 3.261405e-11
3.070000e+01 1.451071e+00 1.063444e-08 1.584697e-02 1.298693e-11
3.070000e+01 2.031429e+00 9.095561e-09 1.983559e-02 6.712717e-12
3.070000e+01 2.784068e+00 6.402919e-09 2.323691e-02 3.206869e-12
3.070000e+01 3.580407e+00 1.751370e-09 2.258168e-02 1.395950e-12
3.134000e+01 2.094395e-02 5.805509e-10 1.063062e-04 2.596303e-10
3.134000e+01 3.183814e-02 6.830519e-10 1.322312e-04 1.971801e-10
3.134000e+01 4.770840e-02 1.776077e-09 3.403558e-04 3.091754e-10
3.134000e+01 7.025257e-02 2.930632e-09 5.568126e-04 2.975606e-10
3.134000e+01 9.773653e-02 4.410892e-09 8.568800e-04 3.073214e-10
3.134000e+01 1.368335e-01 6.080328e-09 1.204925e-03 2.422461e-10
3.134000e+01 1.929536e-01 8.713047e-09 1.775282e-03 2.136604e-10
3.134000e+01 2.695639e-01 1.196643e-08 2.621164e-03 1.806472e-10
3.134000e+01 3.777252e-01 1.503095e-08 3.806843e-03 1.362067e-10
3.134000e+01 5.288205e-01 1.701520e-08 5.691023e-03 9.401954e-11
3.134000e+01 7.401737e-01 1.673708e-08 8.411945e-03 5.588347e-11
3.134000e+01 1.036455e+00 1.345703e-08 1.190250e-02 2.717576e-11
3.134000e+01 1.451071e+00 8.763734e-09 1.547817e-02 1.070240e-11
3.134000e+01 2.031429e+00 7.119206e-09 1.942742e-02 5.254125e-12
3.134000e+01 2.784068e+00 4.651217e-09 2.287112e-02 2.329538e-12
3.134000e+01 3.580407e+00 1.029305e-09 2.249802e-02 8.204193e-13
3.198000e+01 2.094395e-02 4.357406e-10 1.021973e-04 1.948691e-10
3.198000e+01 3.183814e-02 5.520064e-10 1.271352e-04 1.593505e-10
3.198000e+01 4.770840e-02 1.394070e-09 3.272311e-04 2.426764e-10
3.198000e+01 7.025257e-02 2.298129e-09 5.350481e-04 2.333396e-10
3.198000e+01 9.773653e-02 3.491437e-09 8.252179e-04 2.432599e-10
3.198000e+01 1.368335e-01 4.906656e-09 1.159882e-03 1.954858e-10
3.198000e+01 1.929536e-01 7.022551e-09 1.711735e-03 1.722062e-10
3.198000e+01 2.695639e-01 9.621900e-09 2.539790e-03 1.452538e-10
3.198000e+01 3.777252e-01 1.207180e-08 3.709556e-03 1.093916e-10
3.198000e+01 5.288205e-01 1.368358e-08 5.569569e-03 7.561029e-11
3.198000e+01 7.401737e-01 1.345752e-08 8.218922e-03 4.493334e-11
3.198000e+01 1.036455e+00 1.082180e-08 1.160500e-02 2.185407e-11
3.198000e+01 1.451071e+00 6.935930e-09 1.512672e-02 8.470257e-12
3.198000e+01 2.031429e+00 5.309540e-09 1.902869e-02 3.918553e-12
3.198000e+01 2.784068e+00 3.255714e-09 2.251966e-02 1.630608e-12
3.198000e+01 3.580407e+00 5.775251e-10 2.239059e-02 4.603230e-13
3.264000e+01 2.094395e-02 3.916410e-10 9.820971e-05 1.751472e-10
3.264000e+01 3.183814e-02 4.212732e-10 1.222053e-04 1.216111e-10
3.264000e+01 4.770840e-02 1.110879e-09 3.145329e-04 1.933793e-10
3.264000e+01 7.025257e-02 1.829143e-09 5.139416e-04 1.857214e-10
3.264000e+01 9.773653e-02 2.790955e-09 7.949264e-04 1.944551e-10
3.264000e+01 1.368335e-01 3.765100e-09 1.116520e-03 1.500052e-10
3.264000e+01 1.929536e-01 5.394064e-09 1.651348e-03 1.322726e-10
3.264000e+01 2.695639e-01 7.412371e-09 2.461827e-03 1.118984e-10
3.264000e+01 3.777252e-01 9.300306e-09 3.615386e-03 8.427704e-11
3.264000e+01 5.288205e-01 1.050784e-08 5.448850e-03 5.806234e-11
3.264000e+01 7.401737e-01 1.030770e-08 8.030491e-03 3.441642e-11
3.264000e+01 1.036455e+00 8.288019e-09 1.131685e-02 1.673722e-11
3.264000e+01 1.451071e+00 5.179051e-09 1.478265e-02 6.324730e-12
3.264000e+01 2.031429e+00 3.682864e-09 1.864231e-02 2.718032e-12
3.264000e+01 2.784068e+00 2.157280e-09 2.217678e-02 1.080463e-12
3.264000e+01 3.580407e+00 2.647581e-10 2.225184e-02 2.110285e-13
3.332000e+01 2.094395e-02 1.645499e-10 9.434286e-05 7.358894e-11
3.332000e+01 3.183814e-02 2.728400e-10 1.174414e-04 7.876212e-11
3.332000e+01 4.770840e-02 7.409928e-10 3.023029e-04 1.289903e-10
3.332000e+01 7.025257e-02 1.166018e-09 4.935816e-04 1.183911e-10
3.332000e+01 9.773653e-02 1.714870e-09 7.652669e-04 1.194806e-10
3.332000e+01 1.368335e-01 2.536567e-09 1.074661e-03 1.010592e-10
3.332000e+01 1.929536e-01 3.654377e-09 1.592953e-03 8.961223e-11
3.332000e+01 2.695639e-01 5.088439e-09 2.386169e-03 7.681592e-11
3.332000e+01 3.777252e-01 6.335517e-09 3.523360e-03 5.741086e-11
3.332000e+01 5.288205e-01 7.228776e-09 5.326680e-03 3.994347e-11
3.332000e+01 7.401737e-01 7.141275e-09 7.839012e-03 2.384402e-11
3.332000e+01 1.036455e+00 5.732721e-09 1.103273e-02 1.157693e-11
3.332000e+01 1.451071e+00 3.482410e-09 1.444537e-02 4.252769e-12
3.332000e+01 2.031429e+00 2.253423e-09 1.827860e-02 1.663074e-12
3.332000e+01 2.784068e+00 1.270346e-09 2.183011e-02 6.362466e-13
3.332000e+01 3.580407e+00 1.041120e-10 2.213777e-02 8.298369e-14
3.400000e+01 2.094395e-02 5.835831e-11 9.072145e-05 2.609863e-11
3.400000e+01 3.183814e-02 1.052152e-10 1.129691e-04 3.037300e-11
3.400000e+01 4.770840e-02 3.928275e-10 2.907827e-04 6.838248e-11
3.400000e+01 7.025257e-02 6.389401e-10 4.746029e-04 6.487454e-11
3.400000e+01 9.773653e-02 9.356263e-10 7.376201e-04 6.518817e-11
3.400000e+01 1.368335e-01 1.383654e-09 1.036223e-03 5.512609e-11
3.400000e+01 1.929536e-01 2.037600e-09 1.539544e-03 4.996580e-11
3.400000e+01 2.695639e-01 2.908155e-09 2.317109e-03 4.390199e-11
3.400000e+01 3.777252e-01 3.613894e-09 3.436954e-03 3.274820e-11
3.400000e+01 5.288205e-01 4.144099e-09 5.210697e-03 2.289872e-11
3.400000e+01 7.401737e-01 4.087773e-09 7.651750e-03 1.364868e-11
3.400000e+01 1.036455e+00 3.271266e-09 1.075840e-02 6.606152e-12
3.400000e+01 1.451071e+00 1.928998e-09 1.410898e-02 2.355720e-12
3.400000e+01 2.031429e+00 1.104528e-09 1.791823e-02 8.151650e-13
3.400000e+01 2.784068e+00 5.929649e-10 2.153760e-02 2.969835e-13
3.400000e+01 3.580407e+00 5.000227e-11 2.206358e-02 3.985488e-14
3.470000e+01 2.094395e-02 9.469253e-12 8.720495e-05 4.234779e-12
3.470000e+01 3.183814e-02 1.690618e-11 1.086542e-04 4.880394e-12
3.470000e+01 4.770840e-02 9.664566e-11 2.796647e-04 1.682385e-11
3.470000e+01 7.025257e-02 1.576864e-10 4.564003e-04 1.601063e-11
3.470000e+01 9.773653e-02 2.125938e-10 7.109463e-04 1.481211e-11
3.470000e+01 1.368335e-01 3.127483e-10 9.989157e-04 1.246019e-11
3.470000e+01 1.929536e-01 4.595180e-10 1.488765e-03 1.126825e-11
3.470000e+01 2.695639e-01 6.530208e-10 2.249622e-03 9.858111e-12
3.470000e+01 3.777252e-01 8.223939e-10 3.354755e-03 7.452326e-12
3.470000e+01 5.288205e-01 9.464963e-10 5.093968e-03 5.229980e-12
3.470000e+01 7.401737e-01 9.358061e-10 7.466033e-03 3.124566e-12
3.470000e+01 1.036455e+00 7.561412e-10 1.049072e-02 1.526988e-12
3.470000e+01 1.451071e+00 4.458379e-10 1.378507e-02 5.444636e-13
3.470000e+01 2.031429e+00 2.263857e-10 1.756151e-02 1.670775e-13
3.470000e+01 2.784068e+00 1.044933e-10 2.122643e-02 5.233493e-14
3.470000e+01 3.580407e+00 1.200303e-11 2.203206e-02 9.567153e-15
