5.900000e+00 2.094395e-02 -1.837686e-04 1.694357e-03 -8.218383e-05
5.900000e+00 3.183814e-02 -1.756015e-04 1.485663e-03 -5.069178e-05
5.900000e+00 4.770840e-02 -6.625857e-04 7.416652e-03 -1.153414e-04
5.900000e+00 7.025257e-02 -4.648435e-04 9.099222e-03 -4.719771e-05
5.900000e+00 9.773653e-02 -2.717006e-04 1.687504e-02 -1.893028e-05
5.900000e+00 1.368335e-01 -4.031344e-04 2.653537e-02 -1.606126e-05
5.900000e+00 1.929536e-01 -3.215421e-04 4.013651e-02 -7.884818e-06
5.900000e+00 2.695639e-01 -3.046702e-04 5.449109e-02 -4.599352e-06
5.900000e+00 3.777252e-01 -2.203363e-04 7.274110e-02 -1.996632e-06
5.900000e+00 5.288205e-01 -1.807383e-04 9.138358e-02 -9.986912e-07
5.900000e+00 7.401737e-01 -1.576369e-04 1.107465e-01 -5.263342e-07
5.900000e+00 1.036455e+00 -1.226336e-04 1.256028e-01 -2.476522e-07
5.900000e+00 1.451071e+00 -1.063732e-04 1.289461e-01 -1.299045e-07
5.900000e+00 2.031429e+00 -1.054646e-04 1.178671e-01 -7.783515e-08
5.900000e+00 2.784068e+00 -1.014884e-04 1.069670e-01 -5.082993e-08
5.900000e+00 3.580407e+00 -1.173710e-04 9.349699e-02 -9.355191e-08
6.040000e+00 2.094395e-02 -5.193093e-04 1.627908e-03 -2.322422e-04
6.040000e+00 3.183814e-02 -4.780318e-04 1.427507e-03 -1.379959e-04
6.040000e+00 4.770840e-02 -2.041698e-03 7.126423e-03 -3.554139e-04
6.040000e+00 7.025257e-02 -1.231066e-03 8.742597e-03 -1.249958e-04
6.040000e+00 9.773653e-02 -1.453886e-03 1.621979e-02 -1.012970e-04
6.040000e+00 1.368335e-01 -1.301800e-03 2.549360e-02 -5.186497e-05
6.040000e+00 1.929536e-01 -9.955439e-04 3.855558e-02 -2.441261e-05
6.040000e+00 2.695639e-01 -9.722928e-04 5.233409e-02 -1.467789e-05
6.040000e+00 3.777252e-01 -8.456176e-04 6.980256e-02 -7.662774e-06
6.040000e+00 5.288205e-01 -6.392113e-04 8.758342e-02 -3.532039e-06
6.040000e+00 7.401737e-01 -5.266050e-04 1.060447e-01 -1.758283e-06
6.040000e+00 1.036455e+00 -4.278141e-04 1.201231e-01 -8.639484e-07
6.040000e+00 1.451071e+00 -3.773260e-04 1.232548e-01 -4.607959e-07
6.040000e+00 2.031429e+00 -3.341593e-04 1.132153e-01 -2.466167e-07
6.040000e+00 2.784068e+00 -3.385773e-04 1.039462e-01 -1.695747e-07
6.040000e+00 3.580407e+00 -3.855254e-04 9.133291e-02 -3.072875e-07
6.180000e+00 2.094395e-02 -7.627669e-04 1.565283e-03 -3.411197e-04
6.180000e+00 3.183814e-02 -8.809843e-04 1.372500e-03 -2.543183e-04
6.180000e+00 4.770840e-02 -3.661145e-03 6.851923e-03 -6.373236e-04
6.180000e+00 7.025257e-02 -2.128877e-03 8.405762e-03 -2.161547e-04
6.180000e+00 9.773653e-02 -2.606688e-03 1.560242e-02 -1.816166e-04
6.180000e+00 1.368335e-01 -2.403624e-03 2.451427e-02 -9.576269e-05
6.180000e+00 1.929536e-01 -2.029322e-03 3.706131e-02 -4.976281e-05
6.180000e+00 2.695639e-01 -1.802912e-03 5.030281e-02 -2.721707e-05
6.180000e+00 3.777252e-01 -1.753075e-03 6.704355e-02 -1.588593e-05
6.180000e+00 5.288205e-01 -1.271409e-03 8.401845e-02 -7.025324e-06
6.180000e+00 7.401737e-01 -1.094325e-03 1.016492e-01 -3.653844e-06
6.180000e+00 1.036455e+00 -8.674462e-04 1.150778e-01 -1.751763e-06
6.180000e+00 1.451071e+00 -7.551694e-04 1.180618e-01 -9.222237e-07
6.180000e+00 2.031429e+00 -6.568780e-04 1.090212e-01 -4.847899e-07
6.180000e+00 2.784068e+00 -6.706815e-04 1.012584e-01 -3.359075e-07
6.180000e+00 3.580407e+00 -7.408707e-04 8.931840e-02 -5.905195e-07
6.320000e+00 2.094395e-02 -1.107716e-03 1.506213e-03 -4.953857e-04
6.320000e+00 3.183814e-02 -1.469967e-03 1.320686e-03 -4.243429e-04
6.320000e+00 4.770840e-02 -5.799993e-03 6.593716e-03 -1.009649e-03
6.320000e+00 7.025257e-02 -3.567422e-03 8.088578e-03 -3.622168e-04
6.320000e+00 9.773653e-02 -4.502350e-03 1.502172e-02 -3.136936e-04
6.320000e+00 1.368335e-01 -4.111241e-03 2.358997e-02 -1.637958e-04
6.320000e+00 1.929536e-01 -4.230315e-03 3.565413e-02 -1.037353e-04
6.320000e+00 2.695639e-01 -3.284749e-03 4.839319e-02 -4.958711e-05
6.320000e+00 3.777252e-01 -3.119271e-03 6.443257e-02 -2.826605e-05
6.320000e+00 5.288205e-01 -2.448841e-03 8.070640e-02 -1.353137e-05
6.320000e+00 7.401737e-01 -2.079136e-03 9.753593e-02 -6.942033e-06
6.320000e+00 1.036455e+00 -1.691899e-03 1.102700e-01 -3.416703e-06
6.320000e+00 1.451071e+00 -1.409735e-03 1.132024e-01 -1.721588e-06
6.320000e+00 2.031429e+00 -1.203371e-03 1.051026e-01 -8.881137e-07
6.320000e+00 2.784068e+00 -1.235277e-03 9.864644e-02 -6.186825e-07
6.320000e+00 3.580407e+00 -1.375185e-03 8.741765e-02 -1.096107e-06
6.470000e+00 2.094395e-02 -1.669382e-03 1.446570e-03 -7.465704e-04
6.470000e+00 3.183814e-02 -2.031916e-03 1.268310e-03 -5.865636e-04
6.470000e+00 4.770840e-02 -8.502527e-03 6.332849e-03 -1.480100e-03
6.470000e+00 7.025257e-02 -5.397944e-03 7.768427e-03 -5.480782e-04
6.470000e+00 9.773653e-02 -7.478626e-03 1.443528e-02 -5.210606e-04
6.470000e+00 1.368335e-01 -6.678441e-03 2.265348e-02 -2.660754e-04
6.470000e+00 1.929536e-01 -7.382524e-03 3.423003e-02 -1.810334e-04
6.470000e+00 2.695639e-01 -6.019678e-03 4.645867e-02 -9.087407e-05
6.470000e+00 3.777252e-01 -5.299977e-03 6.180784e-02 -4.802706e-05
6.470000e+00 5.288205e-01 -4.411649e-03 7.733807e-02 -2.437710e-05
6.470000e+00 7.401737e-01 -3.688084e-03 9.343194e-02 -1.231415e-05
6.470000e+00 1.036455e+00 -3.029222e-03 1.055113e-01 -6.117357e-06
6.470000e+00 1.451071e+00 -2.499754e-03 1.083090e-01 -3.052735e-06
6.470000e+00 2.031429e+00 -2.134711e-03 1.012266e-01 -1.575462e-06
6.470000e+00 2.784068e+00 -2.158037e-03 9.613580e-02 -1.080842e-06
6.470000e+00 3.580407e+00 -2.367093e-03 8.546838e-02 -1.886719e-06
6.620000e+00 2.094395e-02 -2.278935e-03 1.390366e-03 -1.019171e-03
6.620000e+00 3.183814e-02 -2.469572e-03 1.219030e-03 -7.129039e-04
6.620000e+00 4.770840e-02 -1.084259e-02 6.086350e-03 -1.887452e-03
6.620000e+00 7.025257e-02 -7.381697e-03 7.466732e-03 -7.494978e-04
6.620000e+00 9.773653e-02 -1.059193e-02 1.388176e-02 -7.379749e-04
6.620000e+00 1.368335e-01 -1.012553e-02 2.177245e-02 -4.034110e-04
6.620000e+00 1.929536e-01 -1.059149e-02 3.289358e-02 -2.597234e-04
6.620000e+00 2.695639e-01 -9.575417e-03 4.464284e-02 -1.445521e-04
6.620000e+00 3.777252e-01 -8.430611e-03 5.933718e-02 -7.639608e-05
6.620000e+00 5.288205e-01 -7.231414e-03 7.418704e-02 -3.995805e-05
6.620000e+00 7.401737e-01 -6.020904e-03 8.955429e-02 -2.010321e-05
6.620000e+00 1.036455e+00 -4.871176e-03 1.010535e-01 -9.837086e-06
6.620000e+00 1.451071e+00 -3.936144e-03 1.038062e-01 -4.806875e-06
6.620000e+00 2.031429e+00 -3.321271e-03 9.765313e-02 -2.451169e-06
6.620000e+00 2.784068e+00 -3.335470e-03 9.377383e-02 -1.670553e-06
6.620000e+00 3.580407e+00 -3.604357e-03 8.353040e-02 -2.872894e-06
6.770000e+00 2.094395e-02 -2.626332e-03 1.337348e-03 -1.174531e-03
6.770000e+00 3.183814e-02 -2.893497e-03 1.172602e-03 -8.352805e-04
6.770000e+00 4.770840e-02 -1.253379e-02 5.854104e-03 -2.181853e-03
6.770000e+00 7.025257e-02 -9.858901e-03 7.181936e-03 -1.001020e-03
6.770000e+00 9.773653e-02 -1.330783e-02 1.335757e-02 -9.272002e-04
6.770000e+00 1.368335e-01 -1.375038e-02 2.094177e-02 -5.478283e-04
6.770000e+00 1.929536e-01 -1.472295e-02 3.162872e-02 -3.610346e-04
6.770000e+00 2.695639e-01 -1.400947e-02 4.293095e-02 -2.114893e-04
6.770000e+00 3.777252e-01 -1.216945e-02 5.702452e-02 -1.102765e-04
6.770000e+00 5.288205e-01 -1.036589e-02 7.123304e-02 -5.727797e-05
6.770000e+00 7.401737e-01 -8.752360e-03 8.590575e-02 -2.922328e-05
6.770000e+00 1.036455e+00 -7.055674e-03 9.690969e-02 -1.424857e-05
6.770000e+00 1.451071e+00 -5.658684e-03 9.965208e-02 -6.910465e-06
6.770000e+00 2.031429e+00 -4.733139e-03 9.435869e-02 -3.493157e-06
6.770000e+00 2.784068e+00 -4.761094e-03 9.163213e-02 -2.384570e-06
6.770000e+00 3.580407e+00 -5.055656e-03 8.184009e-02 -4.029669e-06
6.930000e+00 2.094395e-02 -2.923602e-03 1.284096e-03 -1.307475e-03
6.930000e+00 3.183814e-02 -3.213671e-03 1.125963e-03 -9.277071e-04
6.930000e+00 4.770840e-02 -1.336118e-02 5.620915e-03 -2.325882e-03
6.930000e+00 7.025257e-02 -1.228921e-02 6.895527e-03 -1.247781e-03
6.930000e+00 9.773653e-02 -1.623562e-02 1.283218e-02 -1.131189e-03
6.930000e+00 1.368335e-01 -1.712384e-02 2.010428e-02 -6.822303e-04
6.930000e+00 1.929536e-01 -1.910134e-02 3.036060e-02 -4.684008e-04
6.930000e+00 2.695639e-01 -1.879394e-02 4.120604e-02 -2.837164e-04
6.930000e+00 3.777252e-01 -1.645458e-02 5.469313e-02 -1.491073e-04
6.930000e+00 5.288205e-01 -1.404158e-02 6.828513e-02 -7.758846e-05
6.930000e+00 7.401737e-01 -1.181193e-02 8.227268e-02 -3.943888e-05
6.930000e+00 1.036455e+00 -9.601263e-03 9.279246e-02 -1.938925e-05
6.930000e+00 1.451071e+00 -7.685355e-03 9.552069e-02 -9.385466e-06
6.930000e+00 2.031429e+00 -6.367332e-03 9.105162e-02 -4.699227e-06
6.930000e+00 2.784068e+00 -6.346888e-03 8.940139e-02 -3.178807e-06
6.930000e+00 3.580407e+00 -6.703777e-03 8.003068e-02 -5.343323e-06
7.090000e+00 2.094395e-02 -3.225052e-03 1.233959e-03 -1.442287e-03
7.090000e+00 3.183814e-02 -3.093457e-03 1.081862e-03 -8.930042e-04
7.090000e+00 4.770840e-02 -1.379801e-02 5.401902e-03 -2.401925e-03
7.090000e+00 7.025257e-02 -1.397366e-02 6.626213e-03 -1.418810e-03
7.090000e+00 9.773653e-02 -1.950565e-02 1.233659e-02 -1.359023e-03
7.090000e+00 1.368335e-01 -2.070877e-02 1.931907e-02 -8.250571e-04
7.090000e+00 1.929536e-01 -2.372781e-02 2.916561e-02 -5.818506e-04
7.090000e+00 2.695639e-01 -2.357843e-02 3.957970e-02 -3.559439e-04
7.090000e+00 3.777252e-01 -2.122724e-02 5.250362e-02 -1.923559e-04
7.090000e+00 5.288205e-01 -1.821992e-02 6.550368e-02 -1.006764e-04
7.090000e+00 7.401737e-01 -1.540104e-02 7.894454e-02 -5.142257e-05
7.090000e+00 1.036455e+00 -1.245151e-02 8.898652e-02 -2.514519e-05
7.090000e+00 1.451071e+00 -9.930294e-03 9.167512e-02 -1.212702e-05
7.090000e+00 2.031429e+00 -8.242580e-03 8.806873e-02 -6.083199e-06
7.090000e+00 2.784068e+00 -8.172169e-03 8.735504e-02 -4.092990e-06
7.090000e+00 3.580407e+00 -8.490954e-03 7.827645e-02 -6.767813e-06
7.250000e+00 2.094395e-02 -3.408357e-03 1.186689e-03 -1.524263e-03
7.250000e+00 3.183814e-02 -2.858892e-03 1.040443e-03 -8.252910e-04
7.250000e+00 4.770840e-02 -1.367748e-02 5.194632e-03 -2.380944e-03
7.250000e+00 7.025257e-02 -1.487866e-02 6.372054e-03 -1.510699e-03
7.250000e+00 9.773653e-02 -2.194319e-02 1.186820e-02 -1.528854e-03
7.250000e+00 1.368335e-01 -2.377080e-02 1.857787e-02 -9.470514e-04
7.250000e+00 1.929536e-01 -2.753813e-02 2.804263e-02 -6.752869e-04
7.250000e+00 2.695639e-01 -2.831252e-02 3.805033e-02 -4.274105e-04
7.250000e+00 3.777252e-01 -2.578930e-02 5.045186e-02 -2.336962e-04
7.250000e+00 5.288205e-01 -2.231775e-02 6.289466e-02 -1.233194e-04
7.250000e+00 7.401737e-01 -1.897611e-02 7.577204e-02 -6.335940e-05
7.250000e+00 1.036455e+00 -1.543200e-02 8.538782e-02 -3.116411e-05
7.250000e+00 1.451071e+00 -1.226898e-02 8.813329e-02 -1.498305e-05
7.250000e+00 2.031429e+00 -1.011987e-02 8.531491e-02 -7.468680e-06
7.250000e+00 2.784068e+00 -9.970477e-03 8.546449e-02 -4.993663e-06
7.250000e+00 3.580407e+00 -1.022986e-02 7.679959e-02 -8.153824e-06
7.410000e+00 2.094395e-02 -3.338111e-03 1.142047e-03 -1.492848e-03
7.410000e+00 3.183814e-02 -2.628096e-03 1.001356e-03 -7.586659e-04
7.410000e+00 4.770840e-02 -1.318249e-02 4.999608e-03 -2.294777e-03
7.410000e+00 7.025257e-02 -1.506803e-02 6.132156e-03 -1.529927e-03
7.410000e+00 9.773653e-02 -2.322099e-02 1.142546e-02 -1.617883e-03
7.410000e+00 1.368335e-01 -2.635053e-02 1.787766e-02 -1.049830e-03
7.410000e+00 1.929536e-01 -3.079132e-02 2.698417e-02 -7.550612e-04
7.410000e+00 2.695639e-01 -3.228294e-02 3.661673e-02 -4.873486e-04
7.410000e+00 3.777252e-01 -2.974610e-02 4.850831e-02 -2.695517e-04
7.410000e+00 5.288205e-01 -2.609822e-02 6.042604e-02 -1.442089e-04
7.410000e+00 7.401737e-01 -2.230626e-02 7.279785e-02 -7.447843e-05
7.410000e+00 1.036455e+00 -1.825111e-02 8.204160e-02 -3.685716e-05
7.410000e+00 1.451071e+00 -1.452440e-02 8.486860e-02 -1.773741e-05
7.410000e+00 2.031429e+00 -1.196505e-02 8.283489e-02 -8.830462e-06
7.410000e+00 2.784068e+00 -1.169745e-02 8.371797e-02 -5.858609e-06
7.410000e+00 3.580407e+00 -1.188796e-02 7.518311e-02 -9.475438e-06
7.580000e+00 2.094395e-02 -3.003315e-03 1.097327e-03 -1.343123e-03
7.580000e+00 3.183814e-02 -2.354016e-03 9.621951e-04 -6.795459e-04
7.580000e+00 4.770840e-02 -1.231779e-02 4.803671e-03 -2.144251e-03
7.580000e+00 7.025257e-02 -1.490120e-02 5.892287e-03 -1.512988e-03
7.580000e+00 9.773653e-02 -2.361958e-02 1.098288e-02 -1.645654e-03
7.580000e+00 1.368335e-01 -2.830898e-02 1.717635e-02 -1.127857e-03
7.580000e+00 1.929536e-01 -3.354964e-02 2.591898e-02 -8.227006e-04
7.580000e+00 2.695639e-01 -3.520801e-02 3.518171e-02 -5.315060e-04
7.580000e+00 3.777252e-01 -3.344219e-02 4.656132e-02 -3.030447e-04
7.580000e+00 5.288205e-01 -2.959128e-02 5.796083e-02 -1.635102e-04
7.580000e+00 7.401737e-01 -2.555519e-02 6.984566e-02 -8.532629e-05
7.580000e+00 1.036455e+00 -2.095614e-02 7.868662e-02 -4.231983e-05
7.580000e+00 1.451071e+00 -1.671259e-02 8.158008e-02 -2.040966e-05
7.580000e+00 2.031429e+00 -1.378351e-02 8.031743e-02 -1.017252e-05
7.580000e+00 2.784068e+00 -1.337612e-02 8.198695e-02 -6.699363e-06
7.580000e+00 3.580407e+00 -1.344335e-02 7.360624e-02 -1.071517e-05
7.750000e+00 2.094395e-02 -2.602681e-03 1.055198e-03 -1.163954e-03
7.750000e+00 3.183814e-02 -2.096770e-03 9.252241e-04 -6.052853e-04
7.750000e+00 4.770840e-02 -1.103562e-02 4.618673e-03 -1.921055e-03
7.750000e+00 7.025257e-02 -1.416925e-02 5.666138e-03 -1.438669e-03
7.750000e+00 9.773653e-02 -2.333746e-02 1.056529e-02 -1.625998e-03
7.750000e+00 1.368335e-01 -2.967413e-02 1.651557e-02 -1.182246e-03
7.750000e+00 1.929536e-01 -3.549911e-02 2.491267e-02 -8.705052e-04
7.750000e+00 2.695639e-01 -3.782231e-02 3.382846e-02 -5.709719e-04
7.750000e+00 3.777252e-01 -3.660437e-02 4.472750e-02 -3.316996e-04
7.750000e+00 5.288205e-01 -3.284534e-02 5.564333e-02 -1.814909e-04
7.750000e+00 7.401737e-01 -2.857778e-02 6.705524e-02 -9.541844e-05
7.750000e+00 1.036455e+00 -2.361680e-02 7.557712e-02 -4.769291e-05
7.750000e+00 1.451071e+00 -1.879787e-02 7.854590e-02 -2.295622e-05
7.750000e+00 2.031429e+00 -1.552823e-02 7.801466e-02 -1.146016e-05
7.750000e+00 2.784068e+00 -1.498678e-02 8.040582e-02 -7.506051e-06
7.750000e+00 3.580407e+00 -1.483424e-02 7.197118e-02 -1.182380e-05
7.930000e+00 2.094395e-02 -2.341732e-03 1.013158e-03 -1.047254e-03
7.930000e+00 3.183814e-02 -1.895961e-03 8.883441e-04 -5.473167e-04
7.930000e+00 4.770840e-02 -1.001591e-02 4.434890e-03 -1.743547e-03
7.930000e+00 7.025257e-02 -1.308569e-02 5.441006e-03 -1.328651e-03
7.930000e+00 9.773653e-02 -2.213599e-02 1.014803e-02 -1.542287e-03
7.930000e+00 1.368335e-01 -2.990984e-02 1.585865e-02 -1.191637e-03
7.930000e+00 1.929536e-01 -3.622025e-02 2.391228e-02 -8.881888e-04
7.930000e+00 2.695639e-01 -3.921829e-02 3.247102e-02 -5.920458e-04
7.930000e+00 3.777252e-01 -3.879275e-02 4.290810e-02 -3.515301e-04
7.930000e+00 5.288205e-01 -3.539390e-02 5.335738e-02 -1.955733e-04
7.930000e+00 7.401737e-01 -3.109866e-02 6.428473e-02 -1.038354e-04
7.930000e+00 1.036455e+00 -2.583695e-02 7.246253e-02 -5.217638e-05
7.930000e+00 1.451071e+00 -2.067146e-02 7.551295e-02 -2.524429e-05
7.930000e+00 2.031429e+00 -1.697858e-02 7.573214e-02 -1.253055e-05
7.930000e+00 2.784068e+00 -1.639825e-02 7.873769e-02 -8.212981e-06
7.930000e+00 3.580407e+00 -1.605710e-02 7.039711e-02 -1.279850e-05
8.110000e+00 2.094395e-02 -2.136828e-03 9.735248e-04 -9.556186e-04
8.110000e+00 3.183814e-02 -1.730556e-03 8.536308e-04 -4.995684e-04
8.110000e+00 4.770840e-02 -9.106282e-03 4.261319e-03 -1.585200e-03
8.110000e+00 7.025257e-02 -1.195367e-02 5.228278e-03 -1.213711e-03
8.110000e+00 9.773653e-02 -2.059374e-02 9.754211e-03 -1.434834e-03
8.110000e+00 1.368335e-01 -2.929679e-02 1.523843e-02 -1.167212e-03
8.110000e+00 1.929536e-01 -3.613655e-02 2.297258e-02 -8.861363e-04
8.110000e+00 2.695639e-01 -3.977874e-02 3.118977e-02 -6.005065e-04
8.110000e+00 3.777252e-01 -4.016068e-02 4.120023e-02 -3.639260e-04
8.110000e+00 5.288205e-01 -3.721243e-02 5.120126e-02 -2.056218e-04
8.110000e+00 7.401737e-01 -3.306561e-02 6.164928e-02 -1.104029e-04
8.110000e+00 1.036455e+00 -2.770579e-02 6.959250e-02 -5.595040e-05
8.110000e+00 1.451071e+00 -2.217259e-02 7.265215e-02 -2.707749e-05
8.110000e+00 2.031429e+00 -1.826998e-02 7.365829e-02 -1.348363e-05
8.110000e+00 2.784068e+00 -1.758302e-02 7.719554e-02 -8.806367e-06
8.110000e+00 3.580407e+00 -1.711901e-02 6.889366e-02 -1.364490e-05
8.290000e+00 2.094395e-02 -1.942774e-03 9.362824e-04 -8.688350e-04
8.290000e+00 3.183814e-02 -1.597933e-03 8.209699e-04 -4.612836e-04
8.290000e+00 4.770840e-02 -8.198800e-03 4.098217e-03 -1.427228e-03
8.290000e+00 7.025257e-02 -1.078985e-02 5.027861e-03 -1.095543e-03
8.290000e+00 9.773653e-02 -1.891706e-02 9.385164e-03 -1.318014e-03
8.290000e+00 1.368335e-01 -2.812696e-02 1.465461e-02 -1.120605e-03
8.290000e+00 1.929536e-01 -3.551266e-02 2.208777e-02 -8.708375e-04
8.290000e+00 2.695639e-01 -3.968523e-02 2.999637e-02 -5.990949e-04
8.290000e+00 3.777252e-01 -4.080183e-02 3.959951e-02 -3.697359e-04
8.290000e+00 5.288205e-01 -3.854924e-02 4.917681e-02 -2.130085e-04
8.290000e+00 7.401737e-01 -3.445029e-02 5.921259e-02 -1.150262e-04
8.290000e+00 1.036455e+00 -2.908765e-02 6.687753e-02 -5.874099e-05
8.290000e+00 1.451071e+00 -2.344825e-02 7.004295e-02 -2.863534e-05
8.290000e+00 2.031429e+00 -1.939061e-02 7.173249e-02 -1.431068e-05
8.290000e+00 2.784068e+00 -1.861548e-02 7.574619e-02 -9.323471e-06
8.290000e+00 3.580407e+00 -1.793014e-02 6.749289e-02 -1.429143e-05
8.470000e+00 2.094395e-02 -1.741883e-03 9.011402e-04 -7.789939e-04
8.470000e+00 3.183814e-02 -1.463841e-03 7.901903e-04 -4.225746e-04
8.470000e+00 4.770840e-02 -7.404767e-03 3.944190e-03 -1.289004e-03
8.470000e+00 7.025257e-02 -9.689516e-03 4.839383e-03 -9.838213e-04
8.470000e+00 9.773653e-02 -1.729949e-02 9.036201e-03 -1.205312e-03
8.470000e+00 1.368335e-01 -2.643782e-02 1.410292e-02 -1.053308e-03
8.470000e+00 1.929536e-01 -3.423251e-02 2.125542e-02 -8.394456e-04
8.470000e+00 2.695639e-01 -3.904091e-02 2.887062e-02 -5.893680e-04
8.470000e+00 3.777252e-01 -4.089220e-02 3.809052e-02 -3.705548e-04
8.470000e+00 5.288205e-01 -3.918680e-02 4.728279e-02 -2.165314e-04
8.470000e+00 7.401737e-01 -3.540125e-02 5.691356e-02 -1.182013e-04
8.470000e+00 1.036455e+00 -3.012354e-02 6.434031e-02 -6.083293e-05
8.470000e+00 1.451071e+00 -2.453155e-02 6.758675e-02 -2.995828e-05
8.470000e+00 2.031429e+00 -2.029089e-02 6.992271e-02 -1.497511e-05
8.470000e+00 2.784068e+00 -1.947360e-02 7.438492e-02 -9.753256e-06
8.470000e+00 3.580407e+00 -1.865851e-02 6.612810e-02 -1.487198e-05
8.660000e+00 2.094395e-02 -1.561666e-03 8.661455e-04 -6.983980e-04
8.660000e+00 3.183814e-02 -1.334759e-03 7.593869e-04 -3.853118e-04
8.660000e+00 4.770840e-02 -6.708005e-03 3.791000e-03 -1.167714e-03
8.660000e+00 7.025257e-02 -8.678660e-03 4.650644e-03 -8.811845e-04
8.660000e+00 9.773653e-02 -1.575523e-02 8.688457e-03 -1.097719e-03
8.660000e+00 1.368335e-01 -2.442671e-02 1.355237e-02 -9.731834e-04
8.660000e+00 1.929536e-01 -3.248573e-02 2.042301e-02 -7.966115e-04
8.660000e+00 2.695639e-01 -3.767669e-02 2.773961e-02 -5.687735e-04
8.660000e+00 3.777252e-01 -4.042196e-02 3.657262e-02 -3.662937e-04
8.660000e+00 5.288205e-01 -3.928834e-02 4.539425e-02 -2.170925e-04
8.660000e+00 7.401737e-01 -3.587219e-02 5.461213e-02 -1.197738e-04
8.660000e+00 1.036455e+00 -3.082493e-02 6.182305e-02 -6.224934e-05
8.660000e+00 1.451071e+00 -2.523130e-02 6.517348e-02 -3.081282e-05
8.660000e+00 2.031429e+00 -2.106506e-02 6.814471e-02 -1.554646e-05
8.660000e+00 2.784068e+00 -2.011476e-02 7.301928e-02 -1.007438e-05
8.660000e+00 3.580407e+00 -1.909140e-02 6.475895e-02 -1.521702e-05
8.860000e+00 2.094395e-02 -1.412248e-03 8.314085e-04 -6.315765e-04
8.860000e+00 3.183814e-02 -1.210535e-03 7.290391e-04 -3.494513e-04
8.860000e+00 4.770840e-02 -6.072692e-03 3.638845e-03 -1.057120e-03
8.860000e+00 7.025257e-02 -7.778487e-03 4.463787e-03 -7.897857e-04
8.860000e+00 9.773653e-02 -1.429199e-02 8.343132e-03 -9.957703e-04
8.860000e+00 1.368335e-01 -2.231223e-02 1.300546e-02 -8.889407e-04
8.860000e+00 1.929536e-01 -3.040437e-02 1.960074e-02 -7.455724e-04
8.860000e+00 2.695639e-01 -3.583638e-02 2.662183e-02 -5.409920e-04
8.860000e+00 3.777252e-01 -3.936562e-02 3.508041e-02 -3.567214e-04
8.860000e+00 5.288205e-01 -3.880049e-02 4.352555e-02 -2.143968e-04
8.860000e+00 7.401737e-01 -3.588082e-02 5.237626e-02 -1.198026e-04
8.860000e+00 1.036455e+00 -3.117697e-02 5.936303e-02 -6.296027e-05
8.860000e+00 1.451071e+00 -2.568310e-02 6.282042e-02 -3.136457e-05
8.860000e+00 2.031429e+00 -2.155877e-02 6.638144e-02 -1.591083e-05
8.860000e+00 2.784068e+00 -2.058628e-02 7.167725e-02 -1.031054e-05
8.860000e+00 3.580407e+00 -1.941732e-02 6.325876e-02 -1.547680e-05
9.050000e+00 2.094395e-02 -1.292307e-03 8.003619e-04 -5.779373e-04
9.050000e+00 3.183814e-02 -1.093645e-03 7.017997e-04 -3.157081e-04
9.050000e+00 4.770840e-02 -5.519006e-03 3.502543e-03 -9.607356e-04
9.050000e+00 7.025257e-02 -6.998632e-03 4.296381e-03 -7.106035e-04
9.050000e+00 9.773653e-02 -1.292642e-02 8.033095e-03 -9.006264e-04
9.050000e+00 1.368335e-01 -2.029614e-02 1.251799e-02 -8.086177e-04
9.050000e+00 1.929536e-01 -2.816992e-02 1.886581e-02 -6.907795e-04
9.050000e+00 2.695639e-01 -3.375738e-02 2.561814e-02 -5.096070e-04
9.050000e+00 3.777252e-01 -3.790248e-02 3.375119e-02 -3.434627e-04
9.050000e+00 5.288205e-01 -3.792309e-02 4.185759e-02 -2.095486e-04
9.050000e+00 7.401737e-01 -3.552054e-02 5.035517e-02 -1.185996e-04
9.050000e+00 1.036455e+00 -3.112845e-02 5.716527e-02 -6.286229e-05
9.050000e+00 1.451071e+00 -2.588062e-02 6.074146e-02 -3.160578e-05
9.050000e+00 2.031429e+00 -2.189083e-02 6.488398e-02 -1.615590e-05
9.050000e+00 2.784068e+00 -2.094003e-02 7.047038e-02 -1.048771e-05
9.050000e+00 3.580407e+00 -1.957493e-02 6.203694e-02 -1.560242e-05
9.250000e+00 2.094395e-02 -1.179399e-03 7.694756e-04 -5.274432e-04
9.250000e+00 3.183814e-02 -9.797696e-04 6.746730e-04 -2.828351e-04
9.250000e+00 4.770840e-02 -4.987518e-03 3.367268e-03 -8.682154e-04
9.250000e+00 7.025257e-02 -6.275698e-03 4.130495e-03 -6.372006e-04
9.250000e+00 9.773653e-02 -1.164587e-02 7.725521e-03 -8.114063e-04
9.250000e+00 1.368335e-01 -1.833128e-02 1.203272e-02 -7.303358e-04
9.250000e+00 1.929536e-01 -2.577003e-02 1.813088e-02 -6.319298e-04
9.250000e+00 2.695639e-01 -3.143835e-02 2.462422e-02 -4.745986e-04
9.250000e+00 3.777252e-01 -3.608540e-02 3.243206e-02 -3.269969e-04
9.250000e+00 5.288205e-01 -3.674675e-02 4.020057e-02 -2.030486e-04
9.250000e+00 7.401737e-01 -3.479094e-02 4.836663e-02 -1.161636e-04
9.250000e+00 1.036455e+00 -3.080175e-02 5.499223e-02 -6.220254e-05
9.250000e+00 1.451071e+00 -2.581592e-02 5.870260e-02 -3.152677e-05
9.250000e+00 2.031429e+00 -2.208729e-02 6.338297e-02 -1.630089e-05
9.250000e+00 2.784068e+00 -2.112980e-02 6.923540e-02 -1.058276e-05
9.250000e+00 3.580407e+00 -1.977421e-02 6.075813e-02 -1.576126e-05
9.460000e+00 2.094395e-02 -1.072501e-03 7.389639e-04 -4.796370e-04
9.460000e+00 3.183814e-02 -8.737825e-04 6.478680e-04 -2.522393e-04
9.460000e+00 4.770840e-02 -4.479273e-03 3.233279e-03 -7.797413e-04
9.460000e+00 7.025257e-02 -5.606367e-03 3.966505e-03 -5.692404e-04
9.460000e+00 9.773653e-02 -1.041797e-02 7.421075e-03 -7.258547e-04
9.460000e+00 1.368335e-01 -1.647294e-02 1.155248e-02 -6.562976e-04
9.460000e+00 1.929536e-01 -2.339747e-02 1.740538e-02 -5.737502e-04
9.460000e+00 2.695639e-01 -2.900201e-02 2.363927e-02 -4.378191e-04
9.460000e+00 3.777252e-01 -3.398604e-02 3.112990e-02 -3.079729e-04
9.460000e+00 5.288205e-01 -3.519200e-02 3.857825e-02 -1.944577e-04
9.460000e+00 7.401737e-01 -3.378964e-02 4.642242e-02 -1.128203e-04
9.460000e+00 1.036455e+00 -3.019443e-02 5.284530e-02 -6.097608e-05
9.460000e+00 1.451071e+00 -2.556578e-02 5.673449e-02 -3.122129e-05
9.460000e+00 2.031429e+00 -2.208723e-02 6.188453e-02 -1.630085e-05
9.460000e+00 2.784068e+00 -2.121241e-02 6.796514e-02 -1.062413e-05
9.460000e+00 3.580407e+00 -1.971089e-02 5.933595e-02 -1.571080e-05
9.670000e+00 2.094395e-02 -9.698606e-04 7.101708e-04 -4.337349e-04
9.670000e+00 3.183814e-02 -7.774774e-04 6.227507e-04 -2.244384e-04
9.670000e+00 4.770840e-02 -4.002271e-03 3.107317e-03 -6.967060e-04
9.670000e+00 7.025257e-02 -4.990257e-03 3.812123e-03 -5.066838e-04
9.670000e+00 9.773653e-02 -9.285593e-03 7.133491e-03 -6.469579e-04
9.670000e+00 1.368335e-01 -1.476232e-02 1.110253e-02 -5.881450e-04
9.670000e+00 1.929536e-01 -2.110631e-02 1.672706e-02 -5.175664e-04
9.670000e+00 2.695639e-01 -2.658910e-02 2.271841e-02 -4.013934e-04
9.670000e+00 3.777252e-01 -3.171708e-02 2.990388e-02 -2.874122e-04
9.670000e+00 5.288205e-01 -3.335435e-02 3.705410e-02 -1.843035e-04
9.670000e+00 7.401737e-01 -3.252807e-02 4.460321e-02 -1.086081e-04
9.670000e+00 1.036455e+00 -2.938151e-02 5.085392e-02 -5.933443e-05
9.670000e+00 1.451071e+00 -2.513332e-02 5.487219e-02 -3.069317e-05
9.670000e+00 2.031429e+00 -2.194603e-02 6.053018e-02 -1.619664e-05
9.670000e+00 2.784068e+00 -2.118282e-02 6.678851e-02 -1.060931e-05
9.670000e+00 3.580407e+00 -1.957634e-02 5.808492e-02 -1.560355e-05
9.880000e+00 2.094395e-02 -8.676108e-04 6.830077e-04 -3.880073e-04
9.880000e+00 3.183814e-02 -6.911920e-04 5.989330e-04 -1.995299e-04
9.880000e+00 4.770840e-02 -3.570945e-03 2.988835e-03 -6.216216e-04
9.880000e+00 7.025257e-02 -4.442852e-03 3.666671e-03 -4.511033e-04
9.880000e+00 9.773653e-02 -8.235657e-03 6.863876e-03 -5.738054e-04
9.880000e+00 1.368335e-01 -1.317742e-02 1.067774e-02 -5.250009e-04
9.880000e+00 1.929536e-01 -1.896230e-02 1.608666e-02 -4.649913e-04
9.880000e+00 2.695639e-01 -2.424382e-02 2.185252e-02 -3.659888e-04
9.880000e+00 3.777252e-01 -2.936910e-02 2.874214e-02 -2.661354e-04
9.880000e+00 5.288205e-01 -3.131706e-02 3.560821e-02 -1.730462e-04
9.880000e+00 7.401737e-01 -3.102887e-02 4.289234e-02 -1.036024e-04
9.880000e+00 1.036455e+00 -2.837769e-02 4.898944e-02 -5.730728e-05
9.880000e+00 1.451071e+00 -2.452562e-02 5.317587e-02 -2.995103e-05
9.880000e+00 2.031429e+00 -2.165553e-02 5.927770e-02 -1.598224e-05
9.880000e+00 2.784068e+00 -2.093669e-02 6.555738e-02 -1.048604e-05
9.880000e+00 3.580407e+00 -1.919706e-02 5.690458e-02 -1.530124e-05
1.010000e+01 2.094395e-02 -7.746418e-04 6.562009e-04 -3.464303e-04
1.010000e+01 3.183814e-02 -6.108428e-04 5.754318e-04 -1.763351e-04
1.010000e+01 4.770840e-02 -3.173534e-03 2.871084e-03 -5.524414e-04
1.010000e+01 7.025257e-02 -3.937912e-03 3.523001e-03 -3.998343e-04
1.010000e+01 9.773653e-02 -7.294569e-03 6.596599e-03 -5.082367e-04
1.010000e+01 1.368335e-01 -1.170401e-02 1.025978e-02 -4.662991e-04
1.010000e+01 1.929536e-01 -1.695867e-02 1.545254e-02 -4.158585e-04
1.010000e+01 2.695639e-01 -2.192469e-02 2.099687e-02 -3.309788e-04
1.010000e+01 3.777252e-01 -2.696103e-02 2.759965e-02 -2.443141e-04
1.010000e+01 5.288205e-01 -2.917438e-02 3.420627e-02 -1.612066e-04
1.010000e+01 7.401737e-01 -2.930368e-02 4.119096e-02 -9.784215e-05
1.010000e+01 1.036455e+00 -2.716752e-02 4.715179e-02 -5.486339e-05
1.010000e+01 1.451071e+00 -2.373131e-02 5.154291e-02 -2.898102e-05
1.010000e+01 2.031429e+00 -2.117510e-02 5.805307e-02 -1.562767e-05
1.010000e+01 2.784068e+00 -2.057325e-02 6.433170e-02 -1.030401e-05
1.010000e+01 3.580407e+00 -1.872483e-02 5.562896e-02 -1.492484e-05
1.032000e+01 2.094395e-02 -6.871393e-04 6.309700e-04 -3.072980e-04
1.032000e+01 3.183814e-02 -5.378038e-04 5.532071e-04 -1.552506e-04
1.032000e+01 4.770840e-02 -2.811378e-03 2.760282e-03 -4.893981e-04
1.032000e+01 7.025257e-02 -3.478811e-03 3.387709e-03 -3.532197e-04
1.032000e+01 9.773653e-02 -6.459534e-03 6.345806e-03 -4.500571e-04
1.032000e+01 1.368335e-01 -1.037920e-02 9.865543e-03 -4.135171e-04
1.032000e+01 1.929536e-01 -1.510381e-02 1.485385e-02 -3.703739e-04
1.032000e+01 2.695639e-01 -1.972273e-02 2.018639e-02 -2.977376e-04
1.032000e+01 3.777252e-01 -2.455943e-02 2.651697e-02 -2.225513e-04
1.032000e+01 5.288205e-01 -2.693972e-02 3.287698e-02 -1.488587e-04
1.032000e+01 7.401737e-01 -2.748355e-02 3.961680e-02 -9.176489e-05
1.032000e+01 1.036455e+00 -2.582459e-02 4.544792e-02 -5.215141e-05
1.032000e+01 1.451071e+00 -2.283945e-02 5.000934e-02 -2.789187e-05
1.032000e+01 2.031429e+00 -2.057183e-02 5.685300e-02 -1.518245e-05
1.032000e+01 2.784068e+00 -2.013164e-02 6.317463e-02 -1.008283e-05
1.032000e+01 3.580407e+00 -1.823707e-02 5.445759e-02 -1.453607e-05
1.055000e+01 2.094395e-02 -6.052418e-04 6.060991e-04 -2.706724e-04
1.055000e+01 3.183814e-02 -4.730418e-04 5.313563e-04 -1.365554e-04
1.055000e+01 4.770840e-02 -2.481348e-03 2.651513e-03 -4.319473e-04
1.055000e+01 7.025257e-02 -3.060170e-03 3.254051e-03 -3.107132e-04
1.055000e+01 9.773653e-02 -5.695028e-03 6.097613e-03 -3.967914e-04
1.055000e+01 1.368335e-01 -9.175961e-03 9.476574e-03 -3.655790e-04
1.055000e+01 1.929536e-01 -1.337838e-02 1.426776e-02 -3.280631e-04
1.055000e+01 2.695639e-01 -1.764007e-02 1.938794e-02 -2.662974e-04
1.055000e+01 3.777252e-01 -2.220104e-02 2.544962e-02 -2.011803e-04
1.055000e+01 5.288205e-01 -2.468756e-02 3.156820e-02 -1.364141e-04
1.055000e+01 7.401737e-01 -2.557095e-02 3.805027e-02 -8.537893e-05
1.055000e+01 1.036455e+00 -2.432793e-02 4.374970e-02 -4.912900e-05
1.055000e+01 1.451071e+00 -2.181102e-02 4.848686e-02 -2.663592e-05
1.055000e+01 2.031429e+00 -1.988931e-02 5.566400e-02 -1.467873e-05
1.055000e+01 2.784068e+00 -1.958237e-02 6.198129e-02 -9.807732e-06
1.055000e+01 3.580407e+00 -1.769837e-02 5.329762e-02 -1.410669e-05
1.078000e+01 2.094395e-02 -5.302096e-04 5.826475e-04 -2.371169e-04
1.078000e+01 3.183814e-02 -4.150448e-04 5.108102e-04 -1.198131e-04
1.078000e+01 4.770840e-02 -2.181140e-03 2.548753e-03 -3.796877e-04
1.078000e+01 7.025257e-02 -2.689259e-03 3.128483e-03 -2.730529e-04
1.078000e+01 9.773653e-02 -5.015127e-03 5.863672e-03 -3.494205e-04
1.078000e+01 1.368335e-01 -8.087118e-03 9.111091e-03 -3.221985e-04
1.078000e+01 1.929536e-01 -1.181166e-02 1.371196e-02 -2.896442e-04
1.078000e+01 2.695639e-01 -1.567977e-02 1.863737e-02 -2.367045e-04
1.078000e+01 3.777252e-01 -1.994942e-02 2.444412e-02 -1.807766e-04
1.078000e+01 5.288205e-01 -2.249771e-02 3.033958e-02 -1.243138e-04
1.078000e+01 7.401737e-01 -2.364387e-02 3.660433e-02 -7.894460e-05
1.078000e+01 1.036455e+00 -2.276003e-02 4.216556e-02 -4.596269e-05
1.078000e+01 1.451071e+00 -2.069574e-02 4.706768e-02 -2.527393e-05
1.078000e+01 2.031429e+00 -1.914057e-02 5.461015e-02 -1.412614e-05
1.078000e+01 2.784068e+00 -1.896773e-02 6.088998e-02 -9.499892e-06
1.078000e+01 3.580407e+00 -1.701623e-02 5.203079e-02 -1.356298e-05
1.101000e+01 2.094395e-02 -4.643563e-04 5.605980e-04 -2.076664e-04
1.101000e+01 3.183814e-02 -3.625118e-04 4.914853e-04 -1.046481e-04
1.101000e+01 4.770840e-02 -1.915370e-03 2.452479e-03 -3.334231e-04
1.101000e+01 7.025257e-02 -2.358678e-03 3.010346e-03 -2.394875e-04
1.101000e+01 9.773653e-02 -4.397382e-03 5.643082e-03 -3.063802e-04
1.101000e+01 1.368335e-01 -7.119737e-03 8.766244e-03 -2.836571e-04
1.101000e+01 1.929536e-01 -1.037751e-02 1.319158e-02 -2.544761e-04
1.101000e+01 2.695639e-01 -1.387919e-02 1.793233e-02 -2.095226e-04
1.101000e+01 3.777252e-01 -1.782683e-02 2.350581e-02 -1.615423e-04
1.101000e+01 5.288205e-01 -2.037970e-02 2.918548e-02 -1.126105e-04
1.101000e+01 7.401737e-01 -2.172487e-02 3.524333e-02 -7.253724e-05
1.101000e+01 1.036455e+00 -2.115782e-02 4.070914e-02 -4.272712e-05
1.101000e+01 1.451071e+00 -1.953114e-02 4.578489e-02 -2.385170e-05
1.101000e+01 2.031429e+00 -1.831587e-02 5.360124e-02 -1.351750e-05
1.101000e+01 2.784068e+00 -1.831315e-02 5.983920e-02 -9.172050e-06
1.101000e+01 3.580407e+00 -1.631091e-02 5.094693e-02 -1.300080e-05
1.125000e+01 2.094395e-02 -4.037758e-04 5.388650e-04 -1.805740e-04
1.125000e+01 3.183814e-02 -3.158282e-04 4.724634e-04 -9.117174e-05
1.125000e+01 4.770840e-02 -1.674149e-03 2.357264e-03 -2.914318e-04
1.125000e+01 7.025257e-02 -2.065238e-03 2.893191e-03 -2.096931e-04
1.125000e+01 9.773653e-02 -3.830505e-03 5.425088e-03 -2.668840e-04
1.125000e+01 1.368335e-01 -6.236802e-03 8.424665e-03 -2.484801e-04
1.125000e+01 1.929536e-01 -9.081710e-03 1.267780e-02 -2.227007e-04
1.125000e+01 2.695639e-01 -1.219218e-02 1.723492e-02 -1.840551e-04
1.125000e+01 3.777252e-01 -1.581883e-02 2.258743e-02 -1.433463e-04
1.125000e+01 5.288205e-01 -1.829827e-02 2.804726e-02 -1.011093e-04
1.125000e+01 7.401737e-01 -1.978448e-02 3.390699e-02 -6.605845e-05
1.125000e+01 1.036455e+00 -1.954768e-02 3.928254e-02 -3.947553e-05
1.125000e+01 1.451071e+00 -1.829770e-02 4.452430e-02 -2.234541e-05
1.125000e+01 2.031429e+00 -1.739800e-02 5.261105e-02 -1.284009e-05
1.125000e+01 2.784068e+00 -1.748673e-02 5.876299e-02 -8.758142e-06
1.125000e+01 3.580407e+00 -1.554115e-02 4.987078e-02 -1.238726e-05
1.150000e+01 2.094395e-02 -3.485028e-04 5.175542e-04 -1.558552e-04
1.150000e+01 3.183814e-02 -2.743286e-04 4.537155e-04 -7.919183e-05
1.150000e+01 4.770840e-02 -1.454320e-03 2.264073e-03 -2.531646e-04
1.150000e+01 7.025257e-02 -1.799332e-03 2.778972e-03 -1.826945e-04
1.150000e+01 9.773653e-02 -3.316760e-03 5.212042e-03 -2.310896e-04
1.150000e+01 1.368335e-01 -5.432795e-03 8.091876e-03 -2.164477e-04
1.150000e+01 1.929536e-01 -7.900408e-03 1.217280e-02 -1.937329e-04
1.150000e+01 2.695639e-01 -1.064493e-02 1.655096e-02 -1.606977e-04
1.150000e+01 3.777252e-01 -1.391521e-02 2.168365e-02 -1.260961e-04
1.150000e+01 5.288205e-01 -1.631709e-02 2.693904e-02 -9.016208e-05
1.150000e+01 7.401737e-01 -1.786716e-02 3.260778e-02 -5.965673e-05
1.150000e+01 1.036455e+00 -1.791564e-02 3.788515e-02 -3.617970e-05
1.150000e+01 1.451071e+00 -1.701537e-02 4.326481e-02 -2.077941e-05
1.150000e+01 2.031429e+00 -1.642127e-02 5.161188e-02 -1.211925e-05
1.150000e+01 2.784068e+00 -1.661184e-02 5.765160e-02 -8.319955e-06
1.150000e+01 3.580407e+00 -1.470177e-02 4.875735e-02 -1.171821e-05
1.175000e+01 2.094395e-02 -3.011327e-04 4.974661e-04 -1.346706e-04
1.175000e+01 3.183814e-02 -2.382628e-04 4.361352e-04 -6.878055e-05
1.175000e+01 4.770840e-02 -1.254435e-03 2.176350e-03 -2.183691e-04
1.175000e+01 7.025257e-02 -1.560760e-03 2.671102e-03 -1.584712e-04
1.175000e+01 9.773653e-02 -2.866581e-03 5.010231e-03 -1.997241e-04
1.175000e+01 1.368335e-01 -4.720460e-03 7.775971e-03 -1.880676e-04
1.175000e+01 1.929536e-01 -6.851621e-03 1.169684e-02 -1.680147e-04
1.175000e+01 2.695639e-01 -9.260205e-03 1.591143e-02 -1.397936e-04
1.175000e+01 3.777252e-01 -1.217266e-02 2.083894e-02 -1.103056e-04
1.175000e+01 5.288205e-01 -1.445728e-02 2.589731e-02 -7.988545e-05
1.175000e+01 7.401737e-01 -1.601090e-02 3.137878e-02 -5.345883e-05
1.175000e+01 1.036455e+00 -1.630760e-02 3.659067e-02 -3.293235e-05
1.175000e+01 1.451071e+00 -1.574117e-02 4.215307e-02 -1.922334e-05
1.175000e+01 2.031429e+00 -1.540616e-02 5.063374e-02 -1.137008e-05
1.175000e+01 2.784068e+00 -1.566520e-02 5.656586e-02 -7.845836e-06
1.175000e+01 3.580407e+00 -1.377345e-02 4.765685e-02 -1.097829e-05
1.200000e+01 2.094395e-02 -2.589368e-04 4.784846e-04 -1.158001e-04
1.200000e+01 3.183814e-02 -2.062078e-04 4.195628e-04 -5.952707e-05
1.200000e+01 4.770840e-02 -1.078307e-03 2.093451e-03 -1.877091e-04
1.200000e+01 7.025257e-02 -1.344588e-03 2.568658e-03 -1.365222e-04
1.200000e+01 9.773653e-02 -2.466503e-03 4.819992e-03 -1.718494e-04
1.200000e+01 1.368335e-01 -4.085121e-03 7.479207e-03 -1.627551e-04
1.200000e+01 1.929536e-01 -5.916447e-03 1.124954e-02 -1.450824e-04
1.200000e+01 2.695639e-01 -8.016705e-03 1.530955e-02 -1.210215e-04
1.200000e+01 3.777252e-01 -1.060284e-02 2.004454e-02 -9.608028e-05
1.200000e+01 5.288205e-01 -1.271363e-02 2.491836e-02 -7.025069e-05
1.200000e+01 7.401737e-01 -1.427599e-02 3.022383e-02 -4.766615e-05
1.200000e+01 1.036455e+00 -1.476868e-02 3.537710e-02 -2.982458e-05
1.200000e+01 1.451071e+00 -1.448297e-02 4.111895e-02 -1.768681e-05
1.200000e+01 2.031429e+00 -1.437088e-02 4.971369e-02 -1.060602e-05
1.200000e+01 2.784068e+00 -1.470570e-02 5.548987e-02 -7.365277e-06
1.200000e+01 3.580407e+00 -1.287302e-02 4.664140e-02 -1.026059e-05
1.226000e+01 2.094395e-02 -2.226600e-04 4.598945e-04 -9.957656e-05
1.226000e+01 3.183814e-02 -1.758882e-04 4.032616e-04 -5.077454e-05
1.226000e+01 4.770840e-02 -9.250567e-04 2.012022e-03 -1.610317e-04
1.226000e+01 7.025257e-02 -1.150408e-03 2.468338e-03 -1.168062e-04
1.226000e+01 9.773653e-02 -2.112187e-03 4.634215e-03 -1.471630e-04
1.226000e+01 1.368335e-01 -3.517065e-03 7.187623e-03 -1.401232e-04
1.226000e+01 1.929536e-01 -5.078208e-03 1.081069e-02 -1.245272e-04
1.226000e+01 2.695639e-01 -6.898682e-03 1.471560e-02 -1.041437e-04
1.226000e+01 3.777252e-01 -9.169244e-03 1.926312e-02 -8.308938e-05
1.226000e+01 5.288205e-01 -1.111938e-02 2.396164e-02 -6.144150e-05
1.226000e+01 7.401737e-01 -1.261322e-02 2.909054e-02 -4.211431e-05
1.226000e+01 1.036455e+00 -1.326834e-02 3.420884e-02 -2.679472e-05
1.226000e+01 1.451071e+00 -1.321371e-02 4.008850e-02 -1.613678e-05
1.226000e+01 2.031429e+00 -1.331858e-02 4.881438e-02 -9.829395e-06
1.226000e+01 2.784068e+00 -1.373726e-02 5.444561e-02 -6.880237e-06
1.226000e+01 3.580407e+00 -1.202702e-02 4.560054e-02 -9.586279e-06
1.253000e+01 2.094395e-02 -1.888616e-04 4.416997e-04 -8.446146e-05
1.253000e+01 3.183814e-02 -1.503805e-04 3.873177e-04 -4.341112e-05
1.253000e+01 4.770840e-02 -7.926608e-04 1.932365e-03 -1.379845e-04
1.253000e+01 7.025257e-02 -9.804343e-04 2.370666e-03 -9.954802e-05
1.253000e+01 9.773653e-02 -1.804813e-03 4.452598e-03 -1.257473e-04
1.253000e+01 1.368335e-01 -3.018502e-03 6.903206e-03 -1.202600e-04
1.253000e+01 1.929536e-01 -4.340645e-03 1.038251e-02 -1.064408e-04
1.253000e+01 2.695639e-01 -5.918268e-03 1.414099e-02 -8.934316e-05
1.253000e+01 3.777252e-01 -7.887151e-03 1.850111e-02 -7.147138e-05
1.253000e+01 5.288205e-01 -9.646258e-03 2.302981e-02 -5.330157e-05
1.253000e+01 7.401737e-01 -1.107210e-02 2.798778e-02 -3.696866e-05
1.253000e+01 1.036455e+00 -1.182295e-02 3.304198e-02 -2.387583e-05
1.253000e+01 1.451071e+00 -1.200830e-02 3.910320e-02 -1.466470e-05
1.253000e+01 2.031429e+00 -1.228144e-02 4.788146e-02 -9.063966e-06
1.253000e+01 2.784068e+00 -1.276266e-02 5.339221e-02 -6.392113e-06
1.253000e+01 3.580407e+00 -1.116318e-02 4.464340e-02 -8.897742e-06
1.280000e+01 2.094395e-02 -1.596386e-04 4.245605e-04 -7.139254e-05
1.280000e+01 3.183814e-02 -1.286349e-04 3.723226e-04 -3.713369e-05
1.280000e+01 4.770840e-02 -6.773493e-04 1.857621e-03 -1.179114e-04
1.280000e+01 7.025257e-02 -8.354303e-04 2.278471e-03 -8.482509e-05
1.280000e+01 9.773653e-02 -1.537305e-03 4.281294e-03 -1.071091e-04
1.280000e+01 1.368335e-01 -2.588422e-03 6.635266e-03 -1.031252e-04
1.280000e+01 1.929536e-01 -3.708238e-03 9.977148e-03 -9.093300e-05
1.280000e+01 2.695639e-01 -5.057007e-03 1.359471e-02 -7.634143e-05
1.280000e+01 3.777252e-01 -6.762499e-03 1.777850e-02 -6.128007e-05
1.280000e+01 5.288205e-01 -8.321194e-03 2.214698e-02 -4.597976e-05
1.280000e+01 7.401737e-01 -9.669169e-03 2.696479e-02 -3.228442e-05
1.280000e+01 1.036455e+00 -1.049311e-02 3.198713e-02 -2.119029e-05
1.280000e+01 1.451071e+00 -1.082526e-02 3.819139e-02 -1.321996e-05
1.280000e+01 2.031429e+00 -1.124868e-02 4.702494e-02 -8.301763e-06
1.280000e+01 2.784068e+00 -1.175915e-02 5.236003e-02 -5.889512e-06
1.280000e+01 3.580407e+00 -1.026313e-02 4.360894e-02 -8.180349e-06
1.308000e+01 2.094395e-02 -1.338242e-04 4.078132e-04 -5.984800e-05
1.308000e+01 3.183814e-02 -1.095347e-04 3.576075e-04 -3.161996e-05
1.308000e+01 4.770840e-02 -5.766806e-04 1.784444e-03 -1.003872e-04
1.308000e+01 7.025257e-02 -7.071649e-04 2.188341e-03 -7.180171e-05
1.308000e+01 9.773653e-02 -1.303634e-03 4.114842e-03 -9.082849e-05
1.308000e+01 1.368335e-01 -2.208259e-03 6.373357e-03 -8.797916e-05
1.308000e+01 1.929536e-01 -3.152901e-03 9.582768e-03 -7.731508e-05
1.308000e+01 2.695639e-01 -4.294355e-03 1.305938e-02 -6.482829e-05
1.308000e+01 3.777252e-01 -5.758221e-03 1.707377e-02 -5.217955e-05
1.308000e+01 5.288205e-01 -7.132887e-03 2.130179e-02 -3.941363e-05
1.308000e+01 7.401737e-01 -8.384707e-03 2.596551e-02 -2.799572e-05
1.308000e+01 1.036455e+00 -9.250042e-03 3.099352e-02 -1.867998e-05
1.308000e+01 1.451071e+00 -9.683935e-03 3.729035e-02 -1.182616e-05
1.308000e+01 2.031429e+00 -1.022184e-02 4.611842e-02 -7.543935e-06
1.308000e+01 2.784068e+00 -1.076872e-02 5.131725e-02 -5.393457e-06
1.308000e+01 3.580407e+00 -9.407639e-03 4.267628e-02 -7.498467e-06
1.336000e+01 2.094395e-02 -1.118532e-04 3.920803e-04 -5.002226e-05
1.336000e+01 3.183814e-02 -9.143981e-05 3.438286e-04 -2.639640e-05
1.336000e+01 4.770840e-02 -4.873827e-04 1.715326e-03 -8.484245e-05
1.336000e+01 7.025257e-02 -5.967023e-04 2.103719e-03 -6.058594e-05
1.336000e+01 9.773653e-02 -1.096533e-03 3.956982e-03 -7.639905e-05
1.336000e+01 1.368335e-01 -1.868706e-03 6.126869e-03 -7.445101e-05
1.336000e+01 1.929536e-01 -2.666274e-03 9.211444e-03 -6.538207e-05
1.336000e+01 2.695639e-01 -3.637211e-03 1.255655e-02 -5.490794e-05
1.336000e+01 3.777252e-01 -4.879531e-03 1.641108e-02 -4.421708e-05
1.336000e+01 5.288205e-01 -6.077596e-03 2.048814e-02 -3.358249e-05
1.336000e+01 7.401737e-01 -7.227796e-03 2.504401e-02 -2.413291e-05
1.336000e+01 1.036455e+00 -8.101095e-03 3.007031e-02 -1.635974e-05
1.336000e+01 1.451071e+00 -8.606401e-03 3.647329e-02 -1.051026e-05
1.336000e+01 2.031429e+00 -9.257405e-03 4.530689e-02 -6.832161e-06
1.336000e+01 2.784068e+00 -9.812806e-03 5.024220e-02 -4.914694e-06
1.336000e+01 3.580407e+00 -8.605701e-03 4.175403e-02 -6.859273e-06
1.365000e+01 2.094395e-02 -9.253358e-05 3.767377e-04 -4.138228e-05
1.365000e+01 3.183814e-02 -7.664396e-05 3.303737e-04 -2.212521e-05
1.365000e+01 4.770840e-02 -4.110164e-04 1.648314e-03 -7.154876e-05
1.365000e+01 7.025257e-02 -4.996689e-04 2.021125e-03 -5.073369e-05
1.365000e+01 9.773653e-02 -9.208982e-04 3.802116e-03 -6.416202e-05
1.365000e+01 1.368335e-01 -1.578898e-03 5.886564e-03 -6.290482e-05
1.365000e+01 1.929536e-01 -2.247462e-03 8.851413e-03 -5.511201e-05
1.365000e+01 2.695639e-01 -3.063811e-03 1.206430e-02 -4.625180e-05
1.365000e+01 3.777252e-01 -4.115552e-03 1.577496e-02 -3.729410e-05
1.365000e+01 5.288205e-01 -5.143863e-03 1.970849e-02 -2.842304e-05
1.365000e+01 7.401737e-01 -6.185146e-03 2.413413e-02 -2.065160e-05
1.365000e+01 1.036455e+00 -7.033245e-03 2.915519e-02 -1.420327e-05
1.365000e+01 1.451071e+00 -7.614762e-03 3.565022e-02 -9.299256e-06
1.365000e+01 2.031429e+00 -8.328145e-03 4.446551e-02 -6.146348e-06
1.365000e+01 2.784068e+00 -8.922900e-03 4.923768e-02 -4.468990e-06
1.365000e+01 3.580407e+00 -7.830396e-03 4.086833e-02 -6.241307e-06
1.394000e+01 2.094395e-02 -7.664636e-05 3.622167e-04 -3.427729e-05
1.394000e+01 3.183814e-02 -6.401229e-05 3.176905e-04 -1.847876e-05
1.394000e+01 4.770840e-02 -3.441045e-04 1.584856e-03 -5.990090e-05
1.394000e+01 7.025257e-02 -4.183100e-04 1.943389e-03 -4.247294e-05
1.394000e+01 9.773653e-02 -7.703683e-04 3.655917e-03 -5.367410e-05
1.394000e+01 1.368335e-01 -1.327597e-03 5.660198e-03 -5.289271e-05
1.394000e+01 1.929536e-01 -1.886274e-03 8.509843e-03 -4.625501e-05
1.394000e+01 2.695639e-01 -2.564542e-03 1.160284e-02 -3.871476e-05
1.394000e+01 3.777252e-01 -3.448485e-03 1.516524e-02 -3.124930e-05
1.394000e+01 5.288205e-01 -4.336491e-03 1.895973e-02 -2.396180e-05
1.394000e+01 7.401737e-01 -5.263958e-03 2.329055e-02 -1.757585e-05
1.394000e+01 1.036455e+00 -6.082350e-03 2.831784e-02 -1.228299e-05
1.394000e+01 1.451071e+00 -6.694495e-03 3.490401e-02 -8.175413e-06
1.394000e+01 2.031429e+00 -7.441563e-03 4.367206e-02 -5.492032e-06
1.394000e+01 2.784068e+00 -8.063922e-03 4.824671e-02 -4.038775e-06
1.394000e+01 3.580407e+00 -7.091400e-03 3.998563e-02 -5.652282e-06
1.424000e+01 2.094395e-02 -6.370570e-05 3.480965e-04 -2.849006e-05
1.424000e+01 3.183814e-02 -5.329951e-05 3.053063e-04 -1.538624e-05
1.424000e+01 4.770840e-02 -2.868177e-04 1.523330e-03 -4.992856e-05
1.424000e+01 7.025257e-02 -3.474207e-04 1.867461e-03 -3.527523e-05
1.424000e+01 9.773653e-02 -6.398869e-04 3.513747e-03 -4.458303e-05
1.424000e+01 1.368335e-01 -1.108197e-03 5.439531e-03 -4.415164e-05
1.424000e+01 1.929536e-01 -1.575030e-03 8.176944e-03 -3.862270e-05
1.424000e+01 2.695639e-01 -2.133423e-03 1.115367e-02 -3.220651e-05
1.424000e+01 3.777252e-01 -2.881311e-03 1.457780e-02 -2.610971e-05
1.424000e+01 5.288205e-01 -3.634392e-03 1.824627e-02 -2.008227e-05
1.424000e+01 7.401737e-01 -4.455952e-03 2.248122e-02 -1.487799e-05
1.424000e+01 1.036455e+00 -5.220268e-03 2.751225e-02 -1.054206e-05
1.424000e+01 1.451071e+00 -5.831350e-03 3.416841e-02 -7.121328e-06
1.424000e+01 2.031429e+00 -6.624850e-03 4.289344e-02 -4.889280e-06
1.424000e+01 2.784068e+00 -7.251624e-03 4.727178e-02 -3.631939e-06
1.424000e+01 3.580407e+00 -6.411752e-03 3.910757e-02 -5.110560e-06
1.454000e+01 2.094395e-02 -5.267220e-05 3.348251e-04 -2.355572e-05
1.454000e+01 3.183814e-02 -4.411807e-05 2.936751e-04 -1.273579e-05
1.454000e+01 4.770840e-02 -2.378091e-04 1.465194e-03 -4.139725e-05
1.454000e+01 7.025257e-02 -2.872296e-04 1.796305e-03 -2.916375e-05
1.454000e+01 9.773653e-02 -5.299174e-04 3.380522e-03 -3.692110e-05
1.454000e+01 1.368335e-01 -9.235368e-04 5.232868e-03 -3.679459e-05
1.454000e+01 1.929536e-01 -1.305536e-03 7.862211e-03 -3.201420e-05
1.454000e+01 2.695639e-01 -1.770698e-03 1.073092e-02 -2.673075e-05
1.454000e+01 3.777252e-01 -2.397580e-03 1.402160e-02 -2.172627e-05
1.454000e+01 5.288205e-01 -3.030686e-03 1.756929e-02 -1.674642e-05
1.454000e+01 7.401737e-01 -3.738253e-03 2.170327e-02 -1.248166e-05
1.454000e+01 1.036455e+00 -4.447947e-03 2.674686e-02 -8.982398e-06
1.454000e+01 1.451071e+00 -5.052003e-03 3.349379e-02 -6.169578e-06
1.454000e+01 2.031429e+00 -5.833784e-03 4.210783e-02 -4.305457e-06
1.454000e+01 2.784068e+00 -6.466211e-03 4.633461e-02 -3.238569e-06
1.454000e+01 3.580407e+00 -5.715896e-03 3.828425e-02 -4.555921e-06
1.485000e+01 2.094395e-02 -4.323449e-05 3.218682e-04 -1.933505e-05
1.485000e+01 3.183814e-02 -3.602483e-05 2.822531e-04 -1.039947e-05
1.485000e+01 4.770840e-02 -1.963847e-04 1.408373e-03 -3.418619e-05
1.485000e+01 7.025257e-02 -2.337498e-04 1.726539e-03 -2.373370e-05
1.485000e+01 9.773653e-02 -4.369197e-04 3.250098e-03 -3.044164e-05
1.485000e+01 1.368335e-01 -7.634145e-04 5.031334e-03 -3.041516e-05
1.485000e+01 1.929536e-01 -1.079143e-03 7.556026e-03 -2.646261e-05
1.485000e+01 2.695639e-01 -1.457021e-03 1.031531e-02 -2.199543e-05
1.485000e+01 3.777252e-01 -1.979960e-03 1.347947e-02 -1.794190e-05
1.485000e+01 5.288205e-01 -2.510856e-03 1.690708e-02 -1.387404e-05
1.485000e+01 7.401737e-01 -3.119198e-03 2.095485e-02 -1.041470e-05
1.485000e+01 1.036455e+00 -3.770910e-03 2.602015e-02 -7.615156e-06
1.485000e+01 1.451071e+00 -4.349214e-03 3.283146e-02 -5.311322e-06
1.485000e+01 2.031429e+00 -5.115569e-03 4.130725e-02 -3.775398e-06
1.485000e+01 2.784068e+00 -5.720301e-03 4.537422e-02 -2.864984e-06
1.485000e+01 3.580407e+00 -5.126571e-03 3.752470e-02 -4.086192e-06
1.517000e+01 2.094395e-02 -3.538853e-05 3.092800e-04 -1.582623e-05
1.517000e+01 3.183814e-02 -2.944033e-05 2.712337e-04 -8.498691e-06
1.517000e+01 4.770840e-02 -1.622581e-04 1.353197e-03 -2.824550e-05
1.517000e+01 7.025257e-02 -1.908616e-04 1.658495e-03 -1.937906e-05
1.517000e+01 9.773653e-02 -3.593293e-04 3.123145e-03 -2.503566e-05
1.517000e+01 1.368335e-01 -6.286013e-04 4.834646e-03 -2.504407e-05
1.517000e+01 1.929536e-01 -8.849693e-04 7.260006e-03 -2.170112e-05
1.517000e+01 2.695639e-01 -1.191718e-03 9.909473e-03 -1.799038e-05
1.517000e+01 3.777252e-01 -1.626028e-03 1.295632e-02 -1.473466e-05
1.517000e+01 5.288205e-01 -2.070096e-03 1.626868e-02 -1.143857e-05
1.517000e+01 7.401737e-01 -2.581803e-03 2.022340e-02 -8.620389e-06
1.517000e+01 1.036455e+00 -3.172762e-03 2.532124e-02 -6.407228e-06
1.517000e+01 1.451071e+00 -3.728745e-03 3.221265e-02 -4.553596e-06
1.517000e+01 2.031429e+00 -4.470604e-03 4.052508e-02 -3.299401e-06
1.517000e+01 2.784068e+00 -5.037682e-03 4.442808e-02 -2.523098e-06
1.517000e+01 3.580407e+00 -4.558209e-03 3.673848e-02 -3.633173e-06
1.549000e+01 2.094395e-02 -2.867141e-05 2.974470e-04 -1.282224e-05
1.549000e+01 3.183814e-02 -2.391923e-05 2.608277e-04 -6.904886e-06
1.549000e+01 4.770840e-02 -1.316808e-04 1.301305e-03 -2.292269e-05
1.549000e+01 7.025257e-02 -1.566692e-04 1.594904e-03 -1.590735e-05
1.549000e+01 9.773653e-02 -2.944810e-04 3.003892e-03 -2.051746e-05
1.549000e+01 1.368335e-01 -5.162328e-04 4.649881e-03 -2.056721e-05
1.549000e+01 1.929536e-01 -7.225302e-04 6.980428e-03 -1.771780e-05
1.549000e+01 2.695639e-01 -9.765833e-04 9.530177e-03 -1.474266e-05
1.549000e+01 3.777252e-01 -1.329387e-03 1.246778e-02 -1.204657e-05
1.549000e+01 5.288205e-01 -1.699023e-03 1.566941e-02 -9.388154e-06
1.549000e+01 7.401737e-01 -2.133535e-03 1.954820e-02 -7.123666e-06
1.549000e+01 1.036455e+00 -2.658449e-03 2.467205e-02 -5.368600e-06
1.549000e+01 1.451071e+00 -3.175884e-03 3.160829e-02 -3.878434e-06
1.549000e+01 2.031429e+00 -3.879325e-03 3.977099e-02 -2.863024e-06
1.549000e+01 2.784068e+00 -4.432301e-03 4.350510e-02 -2.219896e-06
1.549000e+01 3.580407e+00 -4.032881e-03 3.607091e-02 -3.214455e-06
1.582000e+01 2.094395e-02 -2.367019e-05 2.859469e-04 -1.058563e-05
1.582000e+01 3.183814e-02 -1.892790e-05 2.507235e-04 -5.464015e-06
1.582000e+01 4.770840e-02 -1.069393e-04 1.250614e-03 -1.861574e-05
1.582000e+01 7.025257e-02 -1.264014e-04 1.532900e-03 -1.283412e-05
1.582000e+01 9.773653e-02 -2.400552e-04 2.888303e-03 -1.672544e-05
1.582000e+01 1.368335e-01 -4.206439e-04 4.469343e-03 -1.675885e-05
1.582000e+01 1.929536e-01 -5.847278e-04 6.709253e-03 -1.433863e-05
1.582000e+01 2.695639e-01 -7.929825e-04 9.160625e-03 -1.197100e-05
1.582000e+01 3.777252e-01 -1.082346e-03 1.198722e-02 -9.807946e-06
1.582000e+01 5.288205e-01 -1.380555e-03 1.508157e-02 -7.628426e-06
1.582000e+01 7.401737e-01 -1.746516e-03 1.889698e-02 -5.831448e-06
1.582000e+01 1.036455e+00 -2.219008e-03 2.405406e-02 -4.481172e-06
1.582000e+01 1.451071e+00 -2.695151e-03 3.103827e-02 -3.291357e-06
1.582000e+01 2.031429e+00 -3.337714e-03 3.902004e-02 -2.463304e-06
1.582000e+01 2.784068e+00 -3.859545e-03 4.258358e-02 -1.933034e-06
1.582000e+01 3.580407e+00 -3.531739e-03 3.538047e-02 -2.815013e-06
1.616000e+01 2.094395e-02 -1.893834e-05 2.747577e-04 -8.469482e-06
1.616000e+01 3.183814e-02 -1.536563e-05 2.408771e-04 -4.435675e-06
1.616000e+01 4.770840e-02 -8.669528e-05 1.201750e-03 -1.509171e-05
1.616000e+01 7.025257e-02 -1.018074e-04 1.472548e-03 -1.033697e-05
1.616000e+01 9.773653e-02 -1.939234e-04 2.775737e-03 -1.351128e-05
1.616000e+01 1.368335e-01 -3.386867e-04 4.294607e-03 -1.349360e-05
1.616000e+01 1.929536e-01 -4.736348e-04 6.446372e-03 -1.161442e-05
1.616000e+01 2.695639e-01 -6.390987e-04 8.802634e-03 -9.647941e-06
1.616000e+01 3.777252e-01 -8.731047e-04 1.152076e-02 -7.911856e-06
1.616000e+01 5.288205e-01 -1.119225e-03 1.452203e-02 -6.184412e-06
1.616000e+01 7.401737e-01 -1.423377e-03 1.828100e-02 -4.752516e-06
1.616000e+01 1.036455e+00 -1.830791e-03 2.345141e-02 -3.697187e-06
1.616000e+01 1.451071e+00 -2.269760e-03 3.047281e-02 -2.771863e-06
1.616000e+01 2.031429e+00 -2.856513e-03 3.826214e-02 -2.108167e-06
1.616000e+01 2.784068e+00 -3.335235e-03 4.170517e-02 -1.670436e-06
1.616000e+01 3.580407e+00 -3.073436e-03 3.471848e-02 -2.449718e-06
1.650000e+01 2.094395e-02 -1.503368e-05 2.641769e-04 -6.723264e-06
1.650000e+01 3.183814e-02 -1.222755e-05 2.316130e-04 -3.529789e-06
1.650000e+01 4.770840e-02 -7.015199e-05 1.155294e-03 -1.221189e-05
1.650000e+01 7.025257e-02 -8.134599e-05 1.415833e-03 -8.259434e-06
1.650000e+01 9.773653e-02 -1.547511e-04 2.669207e-03 -1.078202e-05
1.650000e+01 1.368335e-01 -2.717493e-04 4.129086e-03 -1.082675e-05
1.650000e+01 1.929536e-01 -3.786219e-04 6.198296e-03 -9.284523e-06
1.650000e+01 2.695639e-01 -5.123566e-04 8.464532e-03 -7.734620e-06
1.650000e+01 3.777252e-01 -7.041949e-04 1.108654e-02 -6.381237e-06
1.650000e+01 5.288205e-01 -9.017362e-04 1.399445e-02 -4.982652e-06
1.650000e+01 7.401737e-01 -1.151785e-03 1.770976e-02 -3.845697e-06
1.650000e+01 1.036455e+00 -1.508778e-03 2.289504e-02 -3.046898e-06
1.650000e+01 1.451071e+00 -1.899699e-03 2.993138e-02 -2.319939e-06
1.650000e+01 2.031429e+00 -2.424522e-03 3.755470e-02 -1.789349e-06
1.650000e+01 2.784068e+00 -2.853348e-03 4.088093e-02 -1.429085e-06
1.650000e+01 3.580407e+00 -2.646623e-03 3.406162e-02 -2.109521e-06
1.685000e+01 2.094395e-02 -1.213097e-05 2.539465e-04 -5.425136e-06
1.685000e+01 3.183814e-02 -9.913895e-06 2.226502e-04 -2.861895e-06
1.685000e+01 4.770840e-02 -5.640499e-05 1.110311e-03 -9.818848e-06
1.685000e+01 7.025257e-02 -6.536567e-05 1.360828e-03 -6.636878e-06
1.685000e+01 9.773653e-02 -1.236939e-04 2.565873e-03 -8.618166e-06
1.685000e+01 1.368335e-01 -2.180438e-04 3.968322e-03 -8.687073e-06
1.685000e+01 1.929536e-01 -3.034252e-04 5.956880e-03 -7.440558e-06
1.685000e+01 2.695639e-01 -4.103689e-04 8.138280e-03 -6.194998e-06
1.685000e+01 3.777252e-01 -5.647563e-04 1.066474e-02 -5.117680e-06
1.685000e+01 5.288205e-01 -7.239002e-04 1.348494e-02 -3.999998e-06
1.685000e+01 7.401737e-01 -9.287503e-04 1.715000e-02 -3.101007e-06
1.685000e+01 1.036455e+00 -1.240684e-03 2.236605e-02 -2.505497e-06
1.685000e+01 1.451071e+00 -1.580907e-03 2.937998e-02 -1.930626e-06
1.685000e+01 2.031429e+00 -2.050133e-03 3.682453e-02 -1.513042e-06
1.685000e+01 2.784068e+00 -2.426524e-03 4.004996e-02 -1.215312e-06
1.685000e+01 3.580407e+00 -2.253022e-03 3.343604e-02 -1.795797e-06
1.721000e+01 2.094395e-02 -9.745573e-06 2.439984e-04 -4.358353e-06
1.721000e+01 3.183814e-02 -7.970562e-06 2.139144e-04 -2.300903e-06
1.721000e+01 4.770840e-02 -4.445814e-05 1.066439e-03 -7.739169e-06
1.721000e+01 7.025257e-02 -5.090013e-05 1.307371e-03 -5.168125e-06
1.721000e+01 9.773653e-02 -9.932000e-05 2.465470e-03 -6.919952e-06
1.721000e+01 1.368335e-01 -1.737253e-04 3.812358e-03 -6.921383e-06
1.721000e+01 1.929536e-01 -2.415023e-04 5.722558e-03 -5.922092e-06
1.721000e+01 2.695639e-01 -3.245220e-04 7.817597e-03 -4.899038e-06
1.721000e+01 3.777252e-01 -4.494633e-04 1.025811e-02 -4.072924e-06
1.721000e+01 5.288205e-01 -5.774160e-04 1.299598e-02 -3.190582e-06
1.721000e+01 7.401737e-01 -7.450371e-04 1.662505e-02 -2.487607e-06
1.721000e+01 1.036455e+00 -1.011842e-03 2.186770e-02 -2.043363e-06
1.721000e+01 1.451071e+00 -1.305710e-03 2.884542e-02 -1.594551e-06
1.721000e+01 2.031429e+00 -1.720154e-03 3.608789e-02 -1.269510e-06
1.721000e+01 2.784068e+00 -2.063132e-03 3.921037e-02 -1.033309e-06
1.721000e+01 3.580407e+00 -1.918861e-03 3.281716e-02 -1.529450e-06
1.757000e+01 2.094395e-02 -7.597578e-06 2.346374e-04 -3.397740e-06
1.757000e+01 3.183814e-02 -6.371051e-06 2.057230e-04 -1.839164e-06
1.757000e+01 4.770840e-02 -3.540353e-05 1.025205e-03 -6.162964e-06
1.757000e+01 7.025257e-02 -4.023342e-05 1.257030e-03 -4.085085e-06
1.757000e+01 9.773653e-02 -7.778876e-05 2.371285e-03 -5.419800e-06
1.757000e+01 1.368335e-01 -1.373140e-04 3.665550e-03 -5.470722e-06
1.757000e+01 1.929536e-01 -1.902863e-04 5.503073e-03 -4.666180e-06
1.757000e+01 2.695639e-01 -2.553123e-04 7.517203e-03 -3.854237e-06
1.757000e+01 3.777252e-01 -3.550836e-04 9.879183e-03 -3.217679e-06
1.757000e+01 5.288205e-01 -4.595464e-04 1.253877e-02 -2.539279e-06
1.757000e+01 7.401737e-01 -5.916225e-04 1.613517e-02 -1.975370e-06
1.757000e+01 1.036455e+00 -8.187708e-04 2.139865e-02 -1.653465e-06
1.757000e+01 1.451071e+00 -1.072129e-03 2.833813e-02 -1.309299e-06
1.757000e+01 2.031429e+00 -1.435029e-03 3.535472e-02 -1.059082e-06
1.757000e+01 2.784068e+00 -1.734108e-03 3.840238e-02 -8.685193e-07
1.757000e+01 3.580407e+00 -1.627909e-03 3.227135e-02 -1.297544e-06
1.794000e+01 2.094395e-02 -5.814157e-06 2.255350e-04 -2.600170e-06
1.794000e+01 3.183814e-02 -5.141252e-06 1.977283e-04 -1.484152e-06
1.794000e+01 4.770840e-02 -2.768870e-05 9.852152e-04 -4.819984e-06
1.794000e+01 7.025257e-02 -3.142433e-05 1.208063e-03 -3.190658e-06
1.794000e+01 9.773653e-02 -6.100117e-05 2.279597e-03 -4.250153e-06
1.794000e+01 1.368335e-01 -1.077080e-04 3.523227e-03 -4.291188e-06
1.794000e+01 1.929536e-01 -1.488806e-04 5.288325e-03 -3.650834e-06
1.794000e+01 2.695639e-01 -2.003644e-04 7.228860e-03 -3.024734e-06
1.794000e+01 3.777252e-01 -2.799598e-04 9.508011e-03 -2.536925e-06
1.794000e+01 5.288205e-01 -3.613510e-04 1.210047e-02 -1.996689e-06
1.794000e+01 7.401737e-01 -4.695939e-04 1.567523e-02 -1.567928e-06
1.794000e+01 1.036455e+00 -6.576024e-04 2.095309e-02 -1.327994e-06
1.794000e+01 1.451071e+00 -8.708045e-04 2.782267e-02 -1.063439e-06
1.794000e+01 2.031429e+00 -1.180928e-03 3.463587e-02 -8.715499e-07
1.794000e+01 2.784068e+00 -1.444102e-03 3.765512e-02 -7.232713e-07
1.794000e+01 3.580407e+00 -1.357164e-03 3.171514e-02 -1.081744e-06
1.832000e+01 2.094395e-02 -4.672684e-06 2.167295e-04 -2.089688e-06
1.832000e+01 3.183814e-02 -4.185026e-06 1.900590e-04 -1.208113e-06
1.832000e+01 4.770840e-02 -2.172257e-05 9.462530e-04 -3.781413e-06
1.832000e+01 7.025257e-02 -2.450201e-05 1.160774e-03 -2.487802e-06
1.832000e+01 9.773653e-02 -4.737299e-05 2.191209e-03 -3.300633e-06
1.832000e+01 1.368335e-01 -8.395924e-05 3.385848e-03 -3.345016e-06
1.832000e+01 1.929536e-01 -1.162348e-04 5.080859e-03 -2.850296e-06
1.832000e+01 2.695639e-01 -1.558681e-04 6.951084e-03 -2.353010e-06
1.832000e+01 3.777252e-01 -2.185373e-04 9.150183e-03 -1.980330e-06
1.832000e+01 5.288205e-01 -2.812034e-04 1.168362e-02 -1.553823e-06
1.832000e+01 7.401737e-01 -3.687393e-04 1.523715e-02 -1.231185e-06
1.832000e+01 1.036455e+00 -5.234903e-04 2.051570e-02 -1.057162e-06
1.832000e+01 1.451071e+00 -7.013338e-04 2.731805e-02 -8.564789e-07
1.832000e+01 2.031429e+00 -9.641905e-04 3.392460e-02 -7.115931e-07
1.832000e+01 2.784068e+00 -1.182798e-03 3.689674e-02 -5.923983e-07
1.832000e+01 3.580407e+00 -1.102999e-03 3.119026e-02 -8.791577e-07
1.871000e+01 2.094395e-02 -3.789864e-06 2.081895e-04 -1.694879e-06
1.871000e+01 3.183814e-02 -3.250130e-06 1.826016e-04 -9.382317e-07
1.871000e+01 4.770840e-02 -1.668125e-05 9.087041e-04 -2.903833e-06
1.871000e+01 7.025257e-02 -1.884769e-05 1.115024e-03 -1.913693e-06
1.871000e+01 9.773653e-02 -3.667031e-05 2.105876e-03 -2.554942e-06
1.871000e+01 1.368335e-01 -6.441386e-05 3.252481e-03 -2.566310e-06
1.871000e+01 1.929536e-01 -8.932338e-05 4.880040e-03 -2.190378e-06
1.871000e+01 2.695639e-01 -1.193196e-04 6.683954e-03 -1.801268e-06
1.871000e+01 3.777252e-01 -1.682215e-04 8.806147e-03 -1.524381e-06
1.871000e+01 5.288205e-01 -2.175658e-04 1.128057e-02 -1.202186e-06
1.871000e+01 7.401737e-01 -2.874335e-04 1.480796e-02 -9.597126e-07
1.871000e+01 1.036455e+00 -4.109859e-04 2.011207e-02 -8.299647e-07
1.871000e+01 1.451071e+00 -5.595581e-04 2.681733e-02 -6.833403e-07
1.871000e+01 2.031429e+00 -7.743747e-04 3.320893e-02 -5.715050e-07
1.871000e+01 2.784068e+00 -9.586907e-04 3.619201e-02 -4.801554e-07
1.871000e+01 3.580407e+00 -8.929194e-04 3.070693e-02 -7.117117e-07
1.910000e+01 2.094395e-02 -5.436077e-09 2.001521e-04 -2.431088e-09
1.910000e+01 3.183814e-02 -3.734027e-09 1.755745e-04 -1.077921e-09
1.910000e+01 4.770840e-02 -1.835895e-08 8.734428e-04 -3.195884e-09
1.910000e+01 7.025257e-02 -1.771973e-08 1.072028e-03 -1.799166e-09
1.910000e+01 9.773653e-02 -2.368243e-08 2.025346e-03 -1.650033e-09
1.910000e+01 1.368335e-01 -3.262366e-08 3.127417e-03 -1.299758e-09
1.910000e+01 1.929536e-01 -2.014426e-08 4.692238e-03 -4.939753e-10
1.910000e+01 2.695639e-01 2.581414e-09 6.431351e-03 3.896946e-11
1.910000e+01 3.777252e-01 3.183361e-08 8.487758e-03 2.884682e-10
1.910000e+01 5.288205e-01 6.751550e-08 1.090143e-02 3.730651e-10
1.910000e+01 7.401737e-01 9.525164e-08 1.441314e-02 3.180360e-10
1.910000e+01 1.036455e+00 9.805855e-08 1.970950e-02 1.980242e-10
1.910000e+01 1.451071e+00 7.374292e-08 2.630704e-02 9.005590e-11
1.910000e+01 2.031429e+00 3.591570e-08 3.251766e-02 2.650655e-11
1.910000e+01 2.784068e+00 1.410706e-08 3.548764e-02 7.065450e-12
1.910000e+01 3.580407e+00 4.258561e-09 3.028097e-02 3.394335e-12
1.951000e+01 2.094395e-02 -3.492761e-09 1.922056e-04 -1.562010e-09
1.951000e+01 3.183814e-02 -2.272108e-09 1.686265e-04 -6.559011e-10
1.951000e+01 4.770840e-02 -1.132359e-08 8.385517e-04 -1.971185e-09
1.951000e+01 7.025257e-02 -1.033105e-08 1.029471e-03 -1.048960e-09
1.951000e+01 9.773653e-02 -1.227739e-08 1.944762e-03 -8.554066e-10
1.951000e+01 1.368335e-01 -1.699873e-08 3.003269e-03 -6.772456e-10
1.951000e+01 1.929536e-01 -3.569749e-09 4.506291e-03 -8.753699e-11
1.951000e+01 2.695639e-01 1.772824e-08 6.179569e-03 2.676284e-10
1.951000e+01 3.777252e-01 4.416142e-08 8.169758e-03 4.001797e-10
1.951000e+01 5.288205e-01 7.521073e-08 1.053119e-02 4.155860e-10
1.951000e+01 7.401737e-01 9.866085e-08 1.403145e-02 3.294190e-10
1.951000e+01 1.036455e+00 9.888815e-08 1.931472e-02 1.996995e-10
1.951000e+01 1.451071e+00 7.405586e-08 2.581143e-02 9.043807e-11
1.951000e+01 2.031429e+00 3.604599e-08 3.181803e-02 2.660271e-11
1.951000e+01 2.784068e+00 1.372490e-08 3.483280e-02 6.874044e-12
1.951000e+01 3.580407e+00 4.101453e-09 2.984993e-02 3.269110e-12
1.992000e+01 2.094395e-02 -2.015055e-09 1.847148e-04 -9.011602e-10
1.992000e+01 3.183814e-02 -1.160278e-09 1.620960e-04 -3.349433e-10
1.992000e+01 4.770840e-02 -5.917182e-09 8.059382e-04 -1.030049e-09
1.992000e+01 7.025257e-02 -4.625090e-09 9.893407e-04 -4.696067e-10
1.992000e+01 9.773653e-02 -3.529740e-09 1.869312e-03 -2.459287e-10
1.992000e+01 1.368335e-01 -4.764397e-09 2.886327e-03 -1.898181e-10
1.992000e+01 1.929536e-01 9.402470e-09 4.331121e-03 2.305663e-10
1.992000e+01 2.695639e-01 2.941215e-08 5.945484e-03 4.440107e-10
1.992000e+01 3.777252e-01 5.350663e-08 7.871154e-03 4.848636e-10
1.992000e+01 5.288205e-01 8.057391e-08 1.018639e-02 4.452209e-10
1.992000e+01 7.401737e-01 1.002746e-07 1.367401e-02 3.348073e-10
1.992000e+01 1.036455e+00 9.857668e-08 1.894003e-02 1.990705e-10
1.992000e+01 1.451071e+00 7.362007e-08 2.531044e-02 8.990588e-11
1.992000e+01 2.031429e+00 3.555191e-08 3.116691e-02 2.623806e-11
1.992000e+01 2.784068e+00 1.309974e-08 3.414474e-02 6.560940e-12
1.992000e+01 3.580407e+00 3.777969e-09 2.942460e-02 3.011274e-12
2.034000e+01 2.094395e-02 -8.651709e-10 1.774923e-04 -3.869162e-10
2.034000e+01 3.183814e-02 -3.352271e-10 1.557821e-04 -9.677173e-11
2.034000e+01 4.770840e-02 -1.838489e-09 7.745797e-04 -3.200398e-10
2.034000e+01 7.025257e-02 -3.917426e-10 9.508204e-04 -3.977543e-11
2.034000e+01 9.773653e-02 3.048318e-09 1.796663e-03 2.123864e-10
2.034000e+01 1.368335e-01 4.622777e-09 2.772867e-03 1.841758e-10
2.034000e+01 1.929536e-01 1.919387e-08 4.162060e-03 4.706699e-10
2.034000e+01 2.695639e-01 3.804761e-08 5.717762e-03 5.743730e-10
2.034000e+01 3.777252e-01 6.009626e-08 7.587827e-03 5.445772e-10
2.034000e+01 5.288205e-01 8.380495e-08 9.853677e-03 4.630744e-10
2.034000e+01 7.401737e-01 1.004128e-07 1.332723e-02 3.352684e-10
2.034000e+01 1.036455e+00 9.735457e-08 1.858850e-02 1.966025e-10
2.034000e+01 1.451071e+00 7.244230e-08 2.483373e-02 8.846757e-11
2.034000e+01 2.031429e+00 3.447416e-08 3.049910e-02 2.544266e-11
2.034000e+01 2.784068e+00 1.206637e-08 3.351735e-02 6.043379e-12
2.034000e+01 3.580407e+00 3.664828e-09 2.908592e-02 2.921093e-12
2.076000e+01 2.094395e-02 -5.045919e-11 1.706693e-04 -2.256603e-11
2.076000e+01 3.183814e-02 2.664166e-10 1.498415e-04 7.690784e-11
2.076000e+01 4.770840e-02 1.105893e-09 7.450027e-04 1.925112e-10
2.076000e+01 7.025257e-02 2.743168e-09 9.145394e-04 2.785265e-10
2.076000e+01 9.773653e-02 7.750059e-09 1.728169e-03 5.399722e-10
2.076000e+01 1.368335e-01 1.152526e-08 2.666305e-03 4.591775e-10
2.076000e+01 1.929536e-01 2.626335e-08 4.003287e-03 6.440269e-10
2.076000e+01 2.695639e-01 4.422151e-08 5.505102e-03 6.675753e-10
2.076000e+01 3.777252e-01 6.453771e-08 7.320916e-03 5.848245e-10
2.076000e+01 5.288205e-01 8.540864e-08 9.545261e-03 4.719358e-10
2.076000e+01 7.401737e-01 9.931047e-08 1.300623e-02 3.315880e-10
2.076000e+01 1.036455e+00 9.531633e-08 1.823810e-02 1.924864e-10
2.076000e+01 1.451071e+00 7.080821e-08 2.435607e-02 8.647199e-11
2.076000e+01 2.031429e+00 3.302332e-08 2.984328e-02 2.437191e-11
2.076000e+01 2.784068e+00 1.068722e-08 3.291352e-02 5.352643e-12
2.076000e+01 3.580407e+00 3.186371e-09 2.872066e-02 2.539734e-12
2.120000e+01 2.094395e-02 6.884382e-10 1.639406e-04 3.078789e-10
2.120000e+01 3.183814e-02 6.844283e-10 1.440029e-04 1.975774e-10
2.120000e+01 4.770840e-02 3.163856e-09 7.160206e-04 5.507566e-10
2.120000e+01 7.025257e-02 4.875711e-09 8.787329e-04 4.950535e-10
2.120000e+01 9.773653e-02 1.108289e-08 1.659774e-03 7.721817e-10
2.120000e+01 1.368335e-01 1.640569e-08 2.560972e-03 6.536184e-10
2.120000e+01 1.929536e-01 3.110002e-08 3.845836e-03 7.626313e-10
2.120000e+01 2.695639e-01 4.809534e-08 5.294399e-03 7.260553e-10
2.120000e+01 3.777252e-01 6.705527e-08 7.055778e-03 6.076380e-10
2.120000e+01 5.288205e-01 8.552155e-08 9.246404e-03 4.725597e-10
2.120000e+01 7.401737e-01 9.719905e-08 1.269249e-02 3.245382e-10
2.120000e+01 1.036455e+00 9.240244e-08 1.788748e-02 1.866019e-10
2.120000e+01 1.451071e+00 6.865945e-08 2.386364e-02 8.384790e-11
2.120000e+01 2.031429e+00 3.132415e-08 2.918511e-02 2.311789e-11
2.120000e+01 2.784068e+00 8.755013e-09 3.233252e-02 4.384904e-12
2.120000e+01 3.580407e+00 2.359628e-09 2.841210e-02 1.880769e-12
2.164000e+01 2.094395e-02 1.025532e-09 1.575924e-04 4.586319e-10
2.164000e+01 3.183814e-02 9.665176e-10 1.384953e-04 2.790096e-10
2.164000e+01 4.770840e-02 4.631304e-09 6.887288e-04 8.062065e-10
2.164000e+01 7.025257e-02 6.362421e-09 8.450557e-04 6.460060e-10
2.164000e+01 9.773653e-02 1.323380e-08 1.595587e-03 9.220426e-10
2.164000e+01 1.368335e-01 1.968333e-08 2.461688e-03 7.842027e-10
2.164000e+01 1.929536e-01 3.416888e-08 3.698979e-03 8.378853e-10
2.164000e+01 2.695639e-01 5.035276e-08 5.097426e-03 7.601336e-10
2.164000e+01 3.777252e-01 6.807900e-08 6.806304e-03 6.169148e-10
2.164000e+01 5.288205e-01 8.450413e-08 8.962207e-03 4.669378e-10
2.164000e+01 7.401737e-01 9.439694e-08 1.240487e-02 3.151822e-10
2.164000e+01 1.036455e+00 8.915528e-08 1.755436e-02 1.800444e-10
2.164000e+01 1.451071e+00 6.650281e-08 2.337524e-02 8.121418e-11
2.164000e+01 2.031429e+00 2.965057e-08 2.856761e-02 2.188275e-11
2.164000e+01 2.784068e+00 5.872882e-09 3.177464e-02 2.941403e-12
2.164000e+01 3.580407e+00 9.208134e-10 2.811465e-02 7.339449e-13
2.209000e+01 2.094395e-02 1.182912e-09 1.514904e-04 5.290143e-10
2.209000e+01 3.183814e-02 1.144435e-09 1.331752e-04 3.303698e-10
2.209000e+01 4.770840e-02 5.502641e-09 6.624919e-04 9.578869e-10
2.209000e+01 7.025257e-02 7.283444e-09 8.126867e-04 7.395217e-10
2.209000e+01 9.773653e-02 1.450544e-08 1.533537e-03 1.010642e-09
2.209000e+01 1.368335e-01 2.173851e-08 2.365851e-03 8.660831e-10
2.209000e+01 1.929536e-01 3.582440e-08 3.557421e-03 8.784818e-10
2.209000e+01 2.695639e-01 5.127400e-08 4.908045e-03 7.740409e-10
2.209000e+01 3.777252e-01 6.775133e-08 6.568900e-03 6.139456e-10
2.209000e+01 5.288205e-01 8.245810e-08 8.692363e-03 4.556322e-10
2.209000e+01 7.401737e-01 9.099484e-08 1.213548e-02 3.038229e-10
2.209000e+01 1.036455e+00 8.537924e-08 1.722092e-02 1.724189e-10
2.209000e+01 1.451071e+00 6.384983e-08 2.291116e-02 7.797432e-11
2.209000e+01 2.031429e+00 2.798916e-08 2.797263e-02 2.065659e-11
2.209000e+01 2.784068e+00 2.847376e-09 3.121881e-02 1.426094e-12
2.209000e+01 3.580407e+00 -4.746708e-10 2.782422e-02 -3.783418e-13
2.256000e+01 2.094395e-02 1.368532e-09 1.454843e-04 6.120263e-10
2.256000e+01 3.183814e-02 1.246255e-09 1.279723e-04 3.597628e-10
2.256000e+01 4.770840e-02 6.065136e-09 6.366950e-04 1.055805e-09
2.256000e+01 7.025257e-02 7.753689e-09 7.808453e-04 7.872679e-10
2.256000e+01 9.773653e-02 1.514320e-08 1.472552e-03 1.055077e-09
2.256000e+01 1.368335e-01 2.282511e-08 2.272224e-03 9.093740e-10
2.256000e+01 1.929536e-01 3.643437e-08 3.419833e-03 8.934395e-10
2.256000e+01 2.695639e-01 5.104047e-08 4.722053e-03 7.705154e-10
2.256000e+01 3.777252e-01 6.652269e-08 6.335295e-03 6.028119e-10
2.256000e+01 5.288205e-01 7.978914e-08 8.430822e-03 4.408845e-10
2.256000e+01 7.401737e-01 8.710397e-08 1.185946e-02 2.908317e-10
2.256000e+01 1.036455e+00 8.124657e-08 1.689170e-02 1.640732e-10
2.256000e+01 1.451071e+00 6.074623e-08 2.243201e-02 7.418416e-11
2.256000e+01 2.031429e+00 2.603170e-08 2.737544e-02 1.921195e-11
2.256000e+01 2.784068e+00 -2.829774e-11 3.066321e-02 -1.417278e-14
2.256000e+01 3.580407e+00 -1.878217e-09 2.756313e-02 -1.497055e-12
2.303000e+01 2.094395e-02 1.488512e-09 1.398150e-04 6.656828e-10
2.303000e+01 3.183814e-02 1.288659e-09 1.230575e-04 3.720037e-10
2.303000e+01 4.770840e-02 6.310187e-09 6.123883e-04 1.098463e-09
2.303000e+01 7.025257e-02 7.946024e-09 7.510348e-04 8.067965e-10
2.303000e+01 9.773653e-02 1.530057e-08 1.415046e-03 1.066041e-09
2.303000e+01 1.368335e-01 2.314328e-08 2.183380e-03 9.220505e-10
2.303000e+01 1.929536e-01 3.622212e-08 3.290449e-03 8.882347e-10
2.303000e+01 2.695639e-01 5.004188e-08 4.548534e-03 7.554406e-10
2.303000e+01 3.777252e-01 6.449650e-08 6.113718e-03 5.844511e-10
2.303000e+01 5.288205e-01 7.653409e-08 8.183662e-03 4.228983e-10
2.303000e+01 7.401737e-01 8.292510e-08 1.160230e-02 2.768788e-10
2.303000e+01 1.036455e+00 7.676388e-08 1.657597e-02 1.550207e-10
2.303000e+01 1.451071e+00 5.735381e-08 2.195741e-02 7.004129e-11
2.303000e+01 2.031429e+00 2.472321e-08 2.680961e-02 1.824625e-11
2.303000e+01 2.784068e+00 -1.159078e-09 3.016845e-02 -5.805183e-13
2.303000e+01 3.580407e+00 -2.584504e-09 2.729272e-02 -2.060008e-12
2.351000e+01 2.094395e-02 1.400295e-09 1.343647e-04 6.262308e-10
2.351000e+01 3.183814e-02 1.288926e-09 1.183299e-04 3.720810e-10
2.351000e+01 4.770840e-02 6.336168e-09 5.889593e-04 1.102985e-09
2.351000e+01 7.025257e-02 7.975149e-09 7.223997e-04 8.097536e-10
2.351000e+01 9.773653e-02 1.507187e-08 1.359753e-03 1.050107e-09
2.351000e+01 1.368335e-01 2.286895e-08 2.098202e-03 9.111209e-10
2.351000e+01 1.929536e-01 3.535504e-08 3.165767e-03 8.669724e-10
2.351000e+01 2.695639e-01 4.844898e-08 4.381019e-03 7.313939e-10
2.351000e+01 3.777252e-01 6.197366e-08 5.903219e-03 5.615897e-10
2.351000e+01 5.288205e-01 7.291975e-08 7.949605e-03 4.029269e-10
2.351000e+01 7.401737e-01 7.847133e-08 1.135694e-02 2.620081e-10
2.351000e+01 1.036455e+00 7.196915e-08 1.625793e-02 1.453380e-10
2.351000e+01 1.451071e+00 5.349739e-08 2.148513e-02 6.533177e-11
2.351000e+01 2.031429e+00 2.433451e-08 2.624711e-02 1.795939e-11
2.351000e+01 2.784068e+00 4.423665e-10 2.967945e-02 2.215570e-13
2.351000e+01 3.580407e+00 -1.941871e-09 2.706189e-02 -1.547791e-12
2.400000e+01 2.094395e-02 1.415007e-09 1.291444e-04 6.328105e-10
2.400000e+01 3.183814e-02 1.264388e-09 1.137715e-04 3.649974e-10
2.400000e+01 4.770840e-02 6.226997e-09 5.663220e-04 1.083981e-09
2.400000e+01 7.025257e-02 7.735893e-09 6.949570e-04 7.854609e-10
2.400000e+01 9.773653e-02 1.464621e-08 1.306818e-03 1.020450e-09
2.400000e+01 1.368335e-01 2.230562e-08 2.017099e-03 8.886771e-10
2.400000e+01 1.929536e-01 3.412256e-08 3.045304e-03 8.367494e-10
2.400000e+01 2.695639e-01 4.637216e-08 4.219791e-03 7.000419e-10
2.400000e+01 3.777252e-01 5.911179e-08 5.701816e-03 5.356562e-10
2.400000e+01 5.288205e-01 6.908302e-08 7.731243e-03 3.817266e-10
2.400000e+01 7.401737e-01 7.389297e-08 1.112065e-02 2.467214e-10
2.400000e+01 1.036455e+00 6.719678e-08 1.594150e-02 1.357004e-10
2.400000e+01 1.451071e+00 4.960396e-08 2.102400e-02 6.057707e-11
2.400000e+01 2.031429e+00 2.358501e-08 2.570784e-02 1.740624e-11
2.400000e+01 2.784068e+00 2.248084e-09 2.920819e-02 1.125942e-12
2.400000e+01 3.580407e+00 -1.432979e-09 2.682675e-02 -1.142172e-12
2.450000e+01 2.094395e-02 1.343086e-09 1.241142e-04 6.006461e-10
2.450000e+01 3.183814e-02 1.217403e-09 1.093717e-04 3.514341e-10
2.450000e+01 4.770840e-02 6.049692e-09 5.445418e-04 1.053116e-09
2.450000e+01 7.025257e-02 7.484905e-09 6.685094e-04 7.599770e-10
2.450000e+01 9.773653e-02 1.404176e-08 1.255440e-03 9.783355e-10
2.450000e+01 1.368335e-01 2.138235e-08 1.939043e-03 8.518934e-10
2.450000e+01 1.929536e-01 3.256842e-08 2.930040e-03 7.986392e-10
2.450000e+01 2.695639e-01 4.403444e-08 4.064895e-03 6.647512e-10
2.450000e+01 3.777252e-01 5.585303e-08 5.509501e-03 5.061261e-10
2.450000e+01 5.288205e-01 6.500993e-08 7.523307e-03 3.592202e-10
2.450000e+01 7.401737e-01 6.923064e-08 1.088696e-02 2.311544e-10
2.450000e+01 1.036455e+00 6.237858e-08 1.561555e-02 1.259703e-10
2.450000e+01 1.451071e+00 4.553804e-08 2.056230e-02 5.561171e-11
2.450000e+01 2.031429e+00 2.278012e-08 2.516985e-02 1.681221e-11
2.450000e+01 2.784068e+00 4.126557e-09 2.874127e-02 2.066765e-12
2.450000e+01 3.580407e+00 -9.320219e-10 2.665832e-02 -7.428788e-13
2.501000e+01 2.094395e-02 1.312951e-09 1.192880e-04 5.871697e-10
2.501000e+01 3.183814e-02 1.158304e-09 1.051363e-04 3.343736e-10
2.501000e+01 4.770840e-02 5.751103e-09 5.235052e-04 1.001139e-09
2.501000e+01 7.025257e-02 7.127394e-09 6.431906e-04 7.236772e-10
2.501000e+01 9.773653e-02 1.328650e-08 1.206708e-03 9.257144e-10
2.501000e+01 1.368335e-01 2.034917e-08 1.864620e-03 8.107305e-10
2.501000e+01 1.929536e-01 3.073420e-08 2.819512e-03 7.536606e-10
2.501000e+01 2.695639e-01 4.148211e-08 3.916868e-03 6.262209e-10
2.501000e+01 3.777252e-01 5.245049e-08 5.327052e-03 4.752932e-10
2.501000e+01 5.288205e-01 6.083281e-08 7.323888e-03 3.361390e-10
2.501000e+01 7.401737e-01 6.449983e-08 1.066221e-02 2.153587e-10
2.501000e+01 1.036455e+00 5.761832e-08 1.529932e-02 1.163572e-10
2.501000e+01 1.451071e+00 4.161576e-08 2.011781e-02 5.082176e-11
2.501000e+01 2.031429e+00 2.192360e-08 2.466668e-02 1.618008e-11
2.501000e+01 2.784068e+00 5.822733e-09 2.828651e-02 2.916287e-12
2.501000e+01 3.580407e+00 -5.286487e-10 2.645577e-02 -4.213655e-13
2.553000e+01 2.094395e-02 1.232059e-09 1.146751e-04 5.509937e-10
2.553000e+01 3.183814e-02 1.089497e-09 1.010869e-04 3.145108e-10
2.553000e+01 4.770840e-02 5.433871e-09 5.033085e-04 9.459155e-10
2.553000e+01 7.025257e-02 6.709821e-09 6.190866e-04 6.812791e-10
2.553000e+01 9.773653e-02 1.248439e-08 1.159721e-03 8.698285e-10
2.553000e+01 1.368335e-01 1.916556e-08 1.792964e-03 7.635740e-10
2.553000e+01 1.929536e-01 2.884469e-08 2.714301e-03 7.073261e-10
2.553000e+01 2.695639e-01 3.879493e-08 3.775023e-03 5.856547e-10
2.553000e+01 3.777252e-01 4.898963e-08 5.153803e-03 4.439317e-10
2.553000e+01 5.288205e-01 5.661005e-08 7.136968e-03 3.128057e-10
2.553000e+01 7.401737e-01 5.980904e-08 1.044596e-02 1.996966e-10
2.553000e+01 1.036455e+00 5.298878e-08 1.498695e-02 1.070081e-10
2.553000e+01 1.451071e+00 3.775493e-08 1.968607e-02 4.610685e-11
2.553000e+01 2.031429e+00 2.111753e-08 2.418349e-02 1.558519e-11
2.553000e+01 2.784068e+00 7.287010e-09 2.785577e-02 3.649662e-12
2.553000e+01 3.580407e+00 -2.055263e-10 2.632409e-02 -1.638171e-13
2.606000e+01 2.094395e-02 1.145494e-09 1.102298e-04 5.122807e-10
2.606000e+01 3.183814e-02 1.017641e-09 9.719490e-05 2.937676e-10
2.606000e+01 4.770840e-02 5.061722e-09 4.837056e-04 8.811327e-10
2.606000e+01 7.025257e-02 6.240326e-09 5.957177e-04 6.336091e-10
2.606000e+01 9.773653e-02 1.163717e-08 1.114436e-03 8.108004e-10
2.606000e+01 1.368335e-01 1.787854e-08 1.724030e-03 7.122983e-10
2.606000e+01 1.929536e-01 2.688579e-08 2.612727e-03 6.592902e-10
2.606000e+01 2.695639e-01 3.603381e-08 3.638622e-03 5.439724e-10
2.606000e+01 3.777252e-01 4.550766e-08 4.989305e-03 4.123790e-10
2.606000e+01 5.288205e-01 5.239458e-08 6.956124e-03 2.895126e-10
2.606000e+01 7.401737e-01 5.518532e-08 1.023433e-02 1.842584e-10
2.606000e+01 1.036455e+00 4.858613e-08 1.468104e-02 9.811716e-11
2.606000e+01 1.451071e+00 3.413261e-08 1.923875e-02 4.168323e-11
2.606000e+01 2.031429e+00 2.015087e-08 2.369513e-02 1.487177e-11
2.606000e+01 2.784068e+00 8.457005e-09 2.742946e-02 4.235648e-12
2.606000e+01 3.580407e+00 1.398955e-10 2.618348e-02 1.115053e-13
2.660000e+01 2.094395e-02 1.060456e-09 1.059593e-04 4.742505e-10
2.660000e+01 3.183814e-02 9.415669e-10 9.342783e-05 2.718070e-10
2.660000e+01 4.770840e-02 4.688876e-09 4.649370e-04 8.162286e-10
2.660000e+01 7.025257e-02 5.747616e-09 5.732718e-04 5.835820e-10
2.660000e+01 9.773653e-02 1.075626e-08 1.071583e-03 7.494239e-10
2.660000e+01 1.368335e-01 1.648775e-08 1.657726e-03 6.568878e-10
2.660000e+01 1.929536e-01 2.482849e-08 2.514499e-03 6.088415e-10
2.660000e+01 2.695639e-01 3.323373e-08 3.508144e-03 5.017020e-10
2.660000e+01 3.777252e-01 4.197318e-08 4.829315e-03 3.803504e-10
2.660000e+01 5.288205e-01 4.824964e-08 6.790961e-03 2.666092e-10
2.660000e+01 7.401737e-01 5.067725e-08 1.003405e-02 1.692064e-10
2.660000e+01 1.036455e+00 4.434803e-08 1.436901e-02 8.955855e-11
2.660000e+01 1.451071e+00 3.074060e-08 1.881221e-02 3.754085e-11
2.660000e+01 2.031429e+00 1.908026e-08 2.323408e-02 1.408164e-11
2.660000e+01 2.784068e+00 9.440777e-09 2.701205e-02 4.728365e-12
2.660000e+01 3.580407e+00 7.468218e-10 2.603872e-02 5.952629e-13
2.715000e+01 2.094395e-02 1.003952e-09 1.018427e-04 4.489808e-10
2.715000e+01 3.183814e-02 8.646540e-10 8.981956e-05 2.496041e-10
2.715000e+01 4.770840e-02 4.281106e-09 4.467447e-04 7.452450e-10
2.715000e+01 7.025257e-02 5.315514e-09 5.516533e-04 5.397087e-10
2.715000e+01 9.773653e-02 9.845339e-09 1.030415e-03 6.859573e-10
2.715000e+01 1.368335e-01 1.521182e-08 1.594401e-03 6.060534e-10
2.715000e+01 1.929536e-01 2.279441e-08 2.420246e-03 5.589620e-10
2.715000e+01 2.695639e-01 3.048122e-08 3.383533e-03 4.601496e-10
2.715000e+01 3.777252e-01 3.842970e-08 4.681177e-03 3.482402e-10
2.715000e+01 5.288205e-01 4.414150e-08 6.626580e-03 2.439092e-10
2.715000e+01 7.401737e-01 4.631406e-08 9.837148e-03 1.546381e-10
2.715000e+01 1.036455e+00 4.028371e-08 1.405640e-02 8.135086e-11
2.715000e+01 1.451071e+00 2.792695e-08 1.839089e-02 3.410479e-11
2.715000e+01 2.031429e+00 1.832116e-08 2.279000e-02 1.352141e-11
2.715000e+01 2.784068e+00 9.524125e-09 2.663833e-02 4.770110e-12
2.715000e+01 3.580407e+00 8.344487e-10 2.591025e-02 6.651070e-13
2.771000e+01 2.094395e-02 9.191930e-10 9.788603e-05 4.110756e-10
2.771000e+01 3.183814e-02 7.893002e-10 8.635418e-05 2.278514e-10
2.771000e+01 4.770840e-02 3.937450e-09 4.292931e-04 6.854222e-10
2.771000e+01 7.025257e-02 4.810845e-09 5.309558e-04 4.884673e-10
2.771000e+01 9.773653e-02 9.017183e-09 9.909466e-04 6.282569e-10
2.771000e+01 1.368335e-01 1.381842e-08 1.534046e-03 5.505389e-10
2.771000e+01 1.929536e-01 2.071521e-08 2.329337e-03 5.079761e-10
2.771000e+01 2.695639e-01 2.773513e-08 3.264702e-03 4.186941e-10
2.771000e+01 3.777252e-01 3.501329e-08 4.538444e-03 3.172817e-10
2.771000e+01 5.288205e-01 4.012329e-08 6.473082e-03 2.217061e-10
2.771000e+01 7.401737e-01 4.197405e-08 9.640626e-03 1.401473e-10
2.771000e+01 1.036455e+00 3.647775e-08 1.375010e-02 7.366492e-11
2.771000e+01 1.451071e+00 2.551196e-08 1.797547e-02 3.115557e-11
2.771000e+01 2.031429e+00 1.762012e-08 2.234386e-02 1.300402e-11
2.771000e+01 2.784068e+00 9.198236e-09 2.625107e-02 4.606890e-12
2.771000e+01 3.580407e+00 9.263337e-10 2.583928e-02 7.383450e-13
2.829000e+01 2.094395e-02 8.204386e-10 9.402638e-05 3.669113e-10
2.829000e+01 3.183814e-02 7.115327e-10 8.297132e-05 2.054018e-10
2.829000e+01 4.770840e-02 3.520697e-09 4.121497e-04 6.128747e-10
2.829000e+01 7.025257e-02 4.378505e-09 5.107092e-04 4.445698e-10
2.829000e+01 9.773653e-02 8.097893e-09 9.527595e-04 5.642070e-10
2.829000e+01 1.368335e-01 1.260261e-08 1.474884e-03 5.021001e-10
2.829000e+01 1.929536e-01 1.874777e-08 2.241522e-03 4.597306e-10
2.829000e+01 2.695639e-01 2.502782e-08 3.149520e-03 3.778242e-10
2.829000e+01 3.777252e-01 3.150839e-08 4.404447e-03 2.855211e-10
2.829000e+01 5.288205e-01 3.615096e-08 6.323944e-03 1.997565e-10
2.829000e+01 7.401737e-01 3.781106e-08 9.447638e-03 1.262475e-10
2.829000e+01 1.036455e+00 3.274938e-08 1.343344e-02 6.613566e-11
2.829000e+01 1.451071e+00 2.316416e-08 1.754960e-02 2.828840e-11
2.829000e+01 2.031429e+00 1.676648e-08 2.188231e-02 1.237402e-11
2.829000e+01 2.784068e+00 8.914037e-09 2.584327e-02 4.464551e-12
2.829000e+01 3.580407e+00 1.156362e-09 2.569141e-02 9.216914e-13
2.887000e+01 2.094395e-02 6.270496e-10 9.036733e-05 2.804251e-10
2.887000e+01 3.183814e-02 6.356284e-10 7.978385e-05 1.834901e-10
2.887000e+01 4.770840e-02 3.185746e-09 3.961072e-04 5.545672e-10
2.887000e+01 7.025257e-02 3.938721e-09 4.916868e-04 3.999165e-10
2.887000e+01 9.773653e-02 7.241226e-09 9.170945e-04 5.045201e-10
2.887000e+01 1.368335e-01 1.117935e-08 1.419727e-03 4.453958e-10
2.887000e+01 1.929536e-01 1.674456e-08 2.159112e-03 4.106082e-10
2.887000e+01 2.695639e-01 2.235392e-08 3.042884e-03 3.374585e-10
2.887000e+01 3.777252e-01 2.818460e-08 4.278048e-03 2.554018e-10
2.887000e+01 5.288205e-01 3.228769e-08 6.185542e-03 1.784095e-10
2.887000e+01 7.401737e-01 3.373701e-08 9.263271e-03 1.126446e-10
2.887000e+01 1.036455e+00 2.918413e-08 1.312574e-02 5.893582e-11
2.887000e+01 1.451071e+00 2.085167e-08 1.713971e-02 2.546435e-11
2.887000e+01 2.031429e+00 1.569303e-08 2.146920e-02 1.158179e-11
2.887000e+01 2.784068e+00 8.732780e-09 2.547869e-02 4.373769e-12
2.887000e+01 3.580407e+00 1.412396e-09 2.557918e-02 1.125766e-12
2.947000e+01 2.094395e-02 5.518649e-10 8.678552e-05 2.468015e-10
2.947000e+01 3.183814e-02 5.618394e-10 7.666986e-05 1.621891e-10
2.947000e+01 4.770840e-02 2.822221e-09 3.804477e-04 4.912856e-10
2.947000e+01 7.025257e-02 3.479462e-09 4.730441e-04 3.532858e-10
2.947000e+01 9.773653e-02 6.400821e-09 8.824941e-04 4.459663e-10
2.947000e+01 1.368335e-01 9.849508e-09 1.366144e-03 3.924138e-10
2.947000e+01 1.929536e-01 1.479769e-08 2.079121e-03 3.628672e-10
2.947000e+01 2.695639e-01 1.972218e-08 2.937540e-03 2.977293e-10
2.947000e+01 3.777252e-01 2.488619e-08 4.156471e-03 2.255124e-10
2.947000e+01 5.288205e-01 2.849490e-08 6.049972e-03 1.574520e-10
2.947000e+01 7.401737e-01 2.977385e-08 9.075899e-03 9.941198e-11
2.947000e+01 1.036455e+00 2.574569e-08 1.281896e-02 5.199209e-11
2.947000e+01 1.451071e+00 1.856021e-08 1.674868e-02 2.266600e-11
2.947000e+01 2.031429e+00 1.450602e-08 2.104504e-02 1.070575e-11
2.947000e+01 2.784068e+00 8.584274e-09 2.511031e-02 4.299391e-12
2.947000e+01 3.580407e+00 1.803545e-09 2.549468e-02 1.437536e-12
3.008000e+01 2.094395e-02 4.715202e-10 8.335864e-05 2.108702e-10
3.008000e+01 3.183814e-02 4.902845e-10 7.367411e-05 1.415329e-10
3.008000e+01 4.770840e-02 2.443823e-09 3.653634e-04 4.254150e-10
3.008000e+01 7.025257e-02 3.031983e-09 4.552302e-04 3.078512e-10
3.008000e+01 9.773653e-02 5.580911e-09 8.494157e-04 3.888405e-10
3.008000e+01 1.368335e-01 8.586789e-09 1.314503e-03 3.421059e-10
3.008000e+01 1.929536e-01 1.288156e-08 2.002731e-03 3.158801e-10
3.008000e+01 2.695639e-01 1.718005e-08 2.838592e-03 2.593530e-10
3.008000e+01 3.777252e-01 2.166177e-08 4.041059e-03 1.962935e-10
3.008000e+01 5.288205e-01 2.481723e-08 5.921998e-03 1.371306e-10
3.008000e+01 7.401737e-01 2.590084e-08 8.885720e-03 8.648038e-11
3.008000e+01 1.036455e+00 2.245763e-08 1.252739e-02 4.535202e-11
3.008000e+01 1.451071e+00 1.629659e-08 1.636368e-02 1.990163e-11
3.008000e+01 2.031429e+00 1.311182e-08 2.063163e-02 9.676802e-12
3.008000e+01 2.784068e+00 8.454847e-09 2.475405e-02 4.234567e-12
3.008000e+01 3.580407e+00 2.157477e-09 2.538330e-02 1.719642e-12
3.070000e+01 2.094395e-02 3.049448e-10 8.007934e-05 1.363754e-10
3.070000e+01 3.183814e-02 4.193367e-10 7.081068e-05 1.210521e-10
3.070000e+01 4.770840e-02 2.050256e-09 3.509951e-04 3.569038e-10
3.070000e+01 7.025257e-02 2.568965e-09 4.381709e-04 2.608389e-10
3.070000e+01 9.773653e-02 4.766270e-09 8.177971e-04 3.320818e-10
3.070000e+01 1.368335e-01 7.387005e-09 1.265243e-03 2.943053e-10
3.070000e+01 1.929536e-01 1.101454e-08 1.929600e-03 2.700972e-10
3.070000e+01 2.695639e-01 1.469809e-08 2.745701e-03 2.218849e-10
3.070000e+01 3.777252e-01 1.847315e-08 3.930147e-03 1.673991e-10
3.070000e+01 5.288205e-01 2.122748e-08 5.795224e-03 1.172950e-10
3.070000e+01 7.401737e-01 2.213748e-08 8.697296e-03 7.391489e-11
3.070000e+01 1.036455e+00 1.923239e-08 1.223347e-02 3.883882e-11
3.070000e+01 1.451071e+00 1.399166e-08 1.598884e-02 1.708682e-11
3.070000e+01 2.031429e+00 1.148604e-08 2.022268e-02 8.476944e-12
3.070000e+01 2.784068e+00 7.998373e-09 2.439192e-02 4.005945e-12
3.070000e+01 3.580407e+00 2.267020e-09 2.531307e-02 1.806954e-12
3.134000e+01 2.094395e-02 4.976637e-10 7.689306e-05 2.225620e-10
3.134000e+01 3.183814e-02 3.499380e-10 6.804078e-05 1.010184e-10
3.134000e+01 4.770840e-02 1.705166e-09 3.371825e-04 2.968313e-10
3.134000e+01 7.025257e-02 2.159202e-09 4.216017e-04 2.192338e-10
3.134000e+01 9.773653e-02 4.022549e-09 7.870769e-04 2.802643e-10
3.134000e+01 1.368335e-01 6.249103e-09 1.217636e-03 2.489702e-10
3.134000e+01 1.929536e-01 9.208727e-09 1.859596e-03 2.258154e-10
3.134000e+01 2.695639e-01 1.225737e-08 2.656044e-03 1.850393e-10
3.134000e+01 3.777252e-01 1.541993e-08 3.823873e-03 1.397315e-10
3.134000e+01 5.288205e-01 1.770450e-08 5.670562e-03 9.782835e-11
3.134000e+01 7.401737e-01 1.846217e-08 8.512908e-03 6.164340e-11
3.134000e+01 1.036455e+00 1.598731e-08 1.193957e-02 3.228555e-11
3.134000e+01 1.451071e+00 1.144025e-08 1.561925e-02 1.397099e-11
3.134000e+01 2.031429e+00 8.988920e-09 1.980899e-02 6.634014e-12
3.134000e+01 2.784068e+00 5.863492e-09 2.403684e-02 2.936701e-12
3.134000e+01 3.580407e+00 1.349011e-09 2.521561e-02 1.075245e-12
3.198000e+01 2.094395e-02 2.996103e-10 7.387927e-05 1.339898e-10
3.198000e+01 3.183814e-02 2.815997e-10 6.542276e-05 8.129082e-11
3.198000e+01 4.770840e-02 1.426179e-09 3.242213e-04 2.482659e-10
3.198000e+01 7.025257e-02 1.760004e-09 4.059428e-04 1.787013e-10
3.198000e+01 9.773653e-02 3.201895e-09 7.581161e-04 2.230866e-10
3.198000e+01 1.368335e-01 4.957865e-09 1.172950e-03 1.975261e-10
3.198000e+01 1.929536e-01 7.406868e-09 1.794124e-03 1.816304e-10
3.198000e+01 2.695639e-01 9.854271e-09 2.572769e-03 1.487617e-10
3.198000e+01 3.777252e-01 1.244227e-08 3.726428e-03 1.127487e-10
3.198000e+01 5.288205e-01 1.424299e-08 5.545677e-03 7.870135e-11
3.198000e+01 7.401737e-01 1.484611e-08 8.331275e-03 4.956971e-11
3.198000e+01 1.036455e+00 1.280872e-08 1.166669e-02 2.586654e-11
3.198000e+01 1.451071e+00 8.969226e-09 1.527698e-02 1.095335e-11
3.198000e+01 2.031429e+00 6.678925e-09 1.942103e-02 4.929188e-12
3.198000e+01 2.784068e+00 4.083191e-09 2.372050e-02 2.045046e-12
3.198000e+01 3.580407e+00 7.884345e-10 2.508481e-02 6.284308e-13
3.264000e+01 2.094395e-02 3.233237e-10 7.094848e-05 1.445948e-10
3.264000e+01 3.183814e-02 2.169744e-10 6.288575e-05 6.263510e-11
3.264000e+01 4.770840e-02 1.058339e-09 3.117384e-04 1.842331e-10
3.264000e+01 7.025257e-02 1.342461e-09 3.908231e-04 1.363062e-10
3.264000e+01 9.773653e-02 2.519453e-09 7.300481e-04 1.755386e-10
3.264000e+01 1.368335e-01 3.878733e-09 1.129388e-03 1.545324e-10
3.264000e+01 1.929536e-01 5.696088e-09 1.730224e-03 1.396788e-10
3.264000e+01 2.695639e-01 7.587105e-09 2.493786e-03 1.145362e-10
3.264000e+01 3.777252e-01 9.551414e-09 3.632083e-03 8.655252e-11
3.264000e+01 5.288205e-01 1.094305e-08 5.423115e-03 6.046716e-11
3.264000e+01 7.401737e-01 1.137150e-08 8.147298e-03 3.796832e-11
3.264000e+01 1.036455e+00 9.749598e-09 1.139209e-02 1.968881e-11
3.264000e+01 1.451071e+00 6.654048e-09 1.494072e-02 8.126018e-12
3.264000e+01 2.031429e+00 4.627379e-09 1.904374e-02 3.415104e-12
3.264000e+01 2.784068e+00 2.665949e-09 2.338956e-02 1.335227e-12
3.264000e+01 3.580407e+00 4.754579e-10 2.503383e-02 3.789692e-13
3.332000e+01 2.094395e-02 8.161882e-11 6.810678e-05 3.650105e-11
3.332000e+01 3.183814e-02 1.463810e-10 6.041436e-05 4.225656e-11
3.332000e+01 4.770840e-02 6.662835e-10 2.996911e-04 1.159851e-10
3.332000e+01 7.025257e-02 8.927314e-10 3.760213e-04 9.064314e-11
3.332000e+01 9.773653e-02 1.646911e-09 7.028348e-04 1.147457e-10
3.332000e+01 1.368335e-01 2.589287e-09 1.086982e-03 1.031596e-10
3.332000e+01 1.929536e-01 3.887163e-09 1.668788e-03 9.532056e-11
3.332000e+01 2.695639e-01 5.181610e-09 2.418280e-03 7.822245e-11
3.332000e+01 3.777252e-01 6.543301e-09 3.541047e-03 5.929375e-11
3.332000e+01 5.288205e-01 7.568805e-09 5.302515e-03 4.182235e-11
3.332000e+01 7.401737e-01 7.868818e-09 7.962073e-03 2.627322e-11
3.332000e+01 1.036455e+00 6.717254e-09 1.110746e-02 1.356515e-11
3.332000e+01 1.451071e+00 4.455742e-09 1.459460e-02 5.441415e-12
3.332000e+01 2.031429e+00 2.863194e-09 1.867623e-02 2.113098e-12
3.332000e+01 2.784068e+00 1.591614e-09 2.305640e-02 7.971517e-13
3.332000e+01 3.580407e+00 2.318284e-10 2.496983e-02 1.847815e-13
3.400000e+01 2.094395e-02 2.488798e-11 6.542251e-05 1.113024e-11
3.400000e+01 3.183814e-02 7.914597e-11 5.808219e-05 2.284747e-11
3.400000e+01 4.770840e-02 2.664683e-10 2.884354e-04 4.638617e-11
3.400000e+01 7.025257e-02 4.481258e-10 3.621275e-04 4.550028e-11
3.400000e+01 9.773653e-02 9.073187e-10 6.773410e-04 6.321589e-11
3.400000e+01 1.368335e-01 1.439030e-09 1.047497e-03 5.733234e-11
3.400000e+01 1.929536e-01 2.177973e-09 1.611955e-03 5.340802e-11
3.400000e+01 2.695639e-01 2.956412e-09 2.347974e-03 4.463048e-11
3.400000e+01 3.777252e-01 3.717787e-09 3.456584e-03 3.368965e-11
3.400000e+01 5.288205e-01 4.327570e-09 5.186469e-03 2.391251e-11
3.400000e+01 7.401737e-01 4.492933e-09 7.777869e-03 1.500147e-11
3.400000e+01 1.036455e+00 3.819310e-09 1.083298e-02 7.712898e-12
3.400000e+01 1.451071e+00 2.455543e-09 1.426625e-02 2.998744e-12
3.400000e+01 2.031429e+00 1.401514e-09 1.830728e-02 1.034347e-12
3.400000e+01 2.784068e+00 7.314379e-10 2.274041e-02 3.663370e-13
3.400000e+01 3.580407e+00 9.883779e-11 2.482468e-02 7.877980e-14
3.470000e+01 2.094395e-02 1.358271e-12 6.279977e-05 6.074372e-13
3.470000e+01 3.183814e-02 2.160030e-11 5.582620e-05 6.235471e-12
3.470000e+01 4.770840e-02 4.986738e-11 2.776089e-04 8.680796e-12
3.470000e+01 7.025257e-02 1.042314e-10 3.486170e-04 1.058310e-11
3.470000e+01 9.773653e-02 2.093896e-10 6.525476e-04 1.458886e-11
3.470000e+01 1.368335e-01 3.312420e-10 1.008965e-03 1.319700e-11
3.470000e+01 1.929536e-01 4.980228e-10 1.557424e-03 1.221246e-11
3.470000e+01 2.695639e-01 6.863100e-10 2.280945e-03 1.036065e-11
3.470000e+01 3.777252e-01 8.455954e-10 3.374486e-03 7.662573e-12
3.470000e+01 5.288205e-01 9.877205e-10 5.072166e-03 5.457769e-12
3.470000e+01 7.401737e-01 1.024267e-09 7.598083e-03 3.419927e-12
3.470000e+01 1.036455e+00 8.725958e-10 1.056830e-02 1.762162e-12
3.470000e+01 1.451071e+00 5.486115e-10 1.394362e-02 6.699722e-13
3.470000e+01 2.031429e+00 2.799210e-10 1.794911e-02 2.065876e-13
3.470000e+01 2.784068e+00 1.244312e-10 2.241574e-02 6.232076e-14
3.470000e+01 3.580407e+00 1.080645e-11 2.475446e-02 8.613403e-15
