5.900000e+00 2.094395e-02 -2.917365e-03 1.670911e-03 -1.304685e-03
5.900000e+00 3.183814e-02 -3.786229e-03 2.209623e-03 -1.092990e-03
5.900000e+00 4.770840e-02 -7.452935e-03 4.347033e-03 -1.297390e-03
5.900000e+00 7.025257e-02 -1.731285e-02 1.040900e-02 -1.757853e-03
5.900000e+00 9.773653e-02 -3.027971e-02 1.928550e-02 -2.109687e-03
5.900000e+00 1.368335e-01 -3.577743e-02 2.655531e-02 -1.425407e-03
5.900000e+00 1.929536e-01 -4.088334e-02 3.807019e-02 -1.002537e-03
5.900000e+00 2.695639e-01 -4.445126e-02 5.354234e-02 -6.710437e-04
5.900000e+00 3.777252e-01 -4.308154e-02 7.125693e-02 -3.903941e-04
5.900000e+00 5.288205e-01 -3.984914e-02 9.152448e-02 -2.201912e-04
5.900000e+00 7.401737e-01 -3.400279e-02 1.109562e-01 -1.135320e-04
5.900000e+00 1.036455e+00 -2.806455e-02 1.252648e-01 -5.667490e-05
5.900000e+00 1.451071e+00 -2.245772e-02 1.281936e-01 -2.742569e-05
5.900000e+00 2.031429e+00 -1.783345e-02 1.174210e-01 -1.316146e-05
5.900000e+00 2.784068e+00 -1.648526e-02 1.067051e-01 -8.256560e-06
5.900000e+00 3.580407e+00 -1.700973e-02 9.348897e-02 -1.355780e-05
6.040000e+00 2.094395e-02 -2.764892e-03 1.605315e-03 -1.236497e-03
6.040000e+00 3.183814e-02 -3.676761e-03 2.122756e-03 -1.061390e-03
6.040000e+00 4.770840e-02 -7.093507e-03 4.176737e-03 -1.234821e-03
6.040000e+00 7.025257e-02 -1.674707e-02 1.000227e-02 -1.700407e-03
6.040000e+00 9.773653e-02 -2.975498e-02 1.852690e-02 -2.073128e-03
6.040000e+00 1.368335e-01 -3.572787e-02 2.552102e-02 -1.423432e-03
6.040000e+00 1.929536e-01 -4.182214e-02 3.657830e-02 -1.025558e-03
6.040000e+00 2.695639e-01 -4.605609e-02 5.141810e-02 -6.952704e-04
6.040000e+00 3.777252e-01 -4.548614e-02 6.839220e-02 -4.121839e-04
6.040000e+00 5.288205e-01 -4.259234e-02 8.771674e-02 -2.353491e-04
6.040000e+00 7.401737e-01 -3.666333e-02 1.062603e-01 -1.224153e-04
6.040000e+00 1.036455e+00 -3.056792e-02 1.198060e-01 -6.173033e-05
6.040000e+00 1.451071e+00 -2.436610e-02 1.226505e-01 -2.975623e-05
6.040000e+00 2.031429e+00 -1.936773e-02 1.129220e-01 -1.429379e-05
6.040000e+00 2.784068e+00 -1.787246e-02 1.037245e-01 -8.951333e-06
6.040000e+00 3.580407e+00 -1.829793e-02 9.138313e-02 -1.458458e-05
6.180000e+00 2.094395e-02 -2.609879e-03 1.543404e-03 -1.167173e-03
6.180000e+00 3.183814e-02 -3.563147e-03 2.041047e-03 -1.028592e-03
6.180000e+00 4.770840e-02 -6.740904e-03 4.016431e-03 -1.173441e-03
6.180000e+00 7.025257e-02 -1.605885e-02 9.618752e-03 -1.630530e-03
6.180000e+00 9.773653e-02 -2.896462e-02 1.781440e-02 -2.018061e-03
6.180000e+00 1.368335e-01 -3.527328e-02 2.454396e-02 -1.405321e-03
6.180000e+00 1.929536e-01 -4.230825e-02 3.517062e-02 -1.037478e-03
6.180000e+00 2.695639e-01 -4.708142e-02 4.943004e-02 -7.107490e-04
6.180000e+00 3.777252e-01 -4.737692e-02 6.569414e-02 -4.293178e-04
6.180000e+00 5.288205e-01 -4.507778e-02 8.417456e-02 -2.490827e-04
6.180000e+00 7.401737e-01 -3.909111e-02 1.018547e-01 -1.305214e-04
6.180000e+00 1.036455e+00 -3.275906e-02 1.147250e-01 -6.615523e-05
6.180000e+00 1.451071e+00 -2.623306e-02 1.175081e-01 -3.203619e-05
6.180000e+00 2.031429e+00 -2.076405e-02 1.087248e-01 -1.532431e-05
6.180000e+00 2.784068e+00 -1.910116e-02 1.010132e-01 -9.566717e-06
6.180000e+00 3.580407e+00 -1.939919e-02 8.934149e-02 -1.546235e-05
6.320000e+00 2.094395e-02 -2.455831e-03 1.484974e-03 -1.098281e-03
6.320000e+00 3.183814e-02 -3.439606e-03 1.963925e-03 -9.929288e-04
6.320000e+00 4.770840e-02 -6.413030e-03 3.864631e-03 -1.116365e-03
6.320000e+00 7.025257e-02 -1.534361e-02 9.255093e-03 -1.557908e-03
6.320000e+00 9.773653e-02 -2.798911e-02 1.714440e-02 -1.950094e-03
6.320000e+00 1.368335e-01 -3.442702e-02 2.362029e-02 -1.371605e-03
6.320000e+00 1.929536e-01 -4.213410e-02 3.382868e-02 -1.033207e-03
6.320000e+00 2.695639e-01 -4.762074e-02 4.754397e-02 -7.188906e-04
6.320000e+00 3.777252e-01 -4.875679e-02 6.315222e-02 -4.418218e-04
6.320000e+00 5.288205e-01 -4.692258e-02 8.086601e-02 -2.592764e-04
6.320000e+00 7.401737e-01 -4.115979e-02 9.772799e-02 -1.374285e-04
6.320000e+00 1.036455e+00 -3.472406e-02 1.099919e-01 -7.012344e-05
6.320000e+00 1.451071e+00 -2.781324e-02 1.126453e-01 -3.396592e-05
6.320000e+00 2.031429e+00 -2.207442e-02 1.047846e-01 -1.629139e-05
6.320000e+00 2.784068e+00 -2.032211e-02 9.845817e-02 -1.017823e-05
6.320000e+00 3.580407e+00 -2.038024e-02 8.729773e-02 -1.624430e-05
6.470000e+00 2.094395e-02 -2.308678e-03 1.426060e-03 -1.032472e-03
6.470000e+00 3.183814e-02 -3.289468e-03 1.886065e-03 -9.495877e-04
6.470000e+00 4.770840e-02 -6.046168e-03 3.711913e-03 -1.052503e-03
6.470000e+00 7.025257e-02 -1.458440e-02 8.888931e-03 -1.480821e-03
6.470000e+00 9.773653e-02 -2.682359e-02 1.646548e-02 -1.868888e-03
6.470000e+00 1.368335e-01 -3.315188e-02 2.269010e-02 -1.320803e-03
6.470000e+00 1.929536e-01 -4.147270e-02 3.248580e-02 -1.016989e-03
6.470000e+00 2.695639e-01 -4.771207e-02 4.564150e-02 -7.202693e-04
6.470000e+00 3.777252e-01 -4.961663e-02 6.058899e-02 -4.496134e-04
6.470000e+00 5.288205e-01 -4.842527e-02 7.752067e-02 -2.675797e-04
6.470000e+00 7.401737e-01 -4.285736e-02 9.361927e-02 -1.430966e-04
6.470000e+00 1.036455e+00 -3.646735e-02 1.052408e-01 -7.364392e-05
6.470000e+00 1.451071e+00 -2.923307e-02 1.078555e-01 -3.569984e-05
6.470000e+00 2.031429e+00 -2.324953e-02 1.009252e-01 -1.715864e-05
6.470000e+00 2.784068e+00 -2.139609e-02 9.589433e-02 -1.071612e-05
6.470000e+00 3.580407e+00 -2.138187e-02 8.537936e-02 -1.704267e-05
6.620000e+00 2.094395e-02 -2.167046e-03 1.370465e-03 -9.691324e-04
6.620000e+00 3.183814e-02 -3.136560e-03 1.812627e-03 -9.054469e-04
6.620000e+00 4.770840e-02 -5.690393e-03 3.567960e-03 -9.905703e-04
6.620000e+00 7.025257e-02 -1.379393e-02 8.543787e-03 -1.400562e-03
6.620000e+00 9.773653e-02 -2.552992e-02 1.582507e-02 -1.778754e-03
6.620000e+00 1.368335e-01 -3.169324e-02 2.181350e-02 -1.262689e-03
6.620000e+00 1.929536e-01 -4.046476e-02 3.121856e-02 -9.922723e-04
6.620000e+00 2.695639e-01 -4.738120e-02 4.385091e-02 -7.152745e-04
6.620000e+00 3.777252e-01 -5.002642e-02 5.818904e-02 -4.533269e-04
6.620000e+00 5.288205e-01 -4.943290e-02 7.435039e-02 -2.731475e-04
6.620000e+00 7.401737e-01 -4.433841e-02 8.977723e-02 -1.480417e-04
6.620000e+00 1.036455e+00 -3.795134e-02 1.008021e-01 -7.664076e-05
6.620000e+00 1.451071e+00 -3.052045e-02 1.034131e-01 -3.727201e-05
6.620000e+00 2.031429e+00 -2.431525e-02 9.743213e-02 -1.794517e-05
6.620000e+00 2.784068e+00 -2.239210e-02 9.353537e-02 -1.121497e-05
6.620000e+00 3.580407e+00 -2.223857e-02 8.354603e-02 -1.772551e-05
6.770000e+00 2.094395e-02 -2.025292e-03 1.318114e-03 -9.057380e-04
6.770000e+00 3.183814e-02 -2.951342e-03 1.743380e-03 -8.519790e-04
6.770000e+00 4.770840e-02 -5.349743e-03 3.432059e-03 -9.312707e-04
6.770000e+00 7.025257e-02 -1.297293e-02 8.218172e-03 -1.317201e-03
6.770000e+00 9.773653e-02 -2.415046e-02 1.522188e-02 -1.682642e-03
6.770000e+00 1.368335e-01 -3.014359e-02 2.098495e-02 -1.200949e-03
6.770000e+00 1.929536e-01 -3.917366e-02 3.002435e-02 -9.606119e-04
6.770000e+00 2.695639e-01 -4.660095e-02 4.215365e-02 -7.034958e-04
6.770000e+00 3.777252e-01 -5.004584e-02 5.592659e-02 -4.535028e-04
6.770000e+00 5.288205e-01 -5.006394e-02 7.137070e-02 -2.766344e-04
6.770000e+00 7.401737e-01 -4.543273e-02 8.611499e-02 -1.516955e-04
6.770000e+00 1.036455e+00 -3.914301e-02 9.667784e-02 -7.904728e-05
6.770000e+00 1.451071e+00 -3.159118e-02 9.921878e-02 -3.857960e-05
6.770000e+00 2.031429e+00 -2.525051e-02 9.416573e-02 -1.863541e-05
6.770000e+00 2.784068e+00 -2.327265e-02 9.128192e-02 -1.165599e-05
6.770000e+00 3.580407e+00 -2.304044e-02 8.184252e-02 -1.836465e-05
6.930000e+00 2.094395e-02 -1.884564e-03 1.265479e-03 -8.428028e-04
6.930000e+00 3.183814e-02 -2.742132e-03 1.673684e-03 -7.915852e-04
6.930000e+00 4.770840e-02 -5.009032e-03 3.295700e-03 -8.719605e-04
6.930000e+00 7.025257e-02 -1.211735e-02 7.891835e-03 -1.230330e-03
6.930000e+00 9.773653e-02 -2.262476e-02 1.461383e-02 -1.576342e-03
6.930000e+00 1.368335e-01 -2.843243e-02 2.015204e-02 -1.132775e-03
6.930000e+00 1.929536e-01 -3.757759e-02 2.882113e-02 -9.214733e-04
6.930000e+00 2.695639e-01 -4.546807e-02 4.047234e-02 -6.863935e-04
6.930000e+00 3.777252e-01 -4.965510e-02 5.365593e-02 -4.499621e-04
6.930000e+00 5.288205e-01 -5.022647e-02 6.838263e-02 -2.775324e-04
6.930000e+00 7.401737e-01 -4.617042e-02 8.247053e-02 -1.541585e-04
6.930000e+00 1.036455e+00 -4.007110e-02 9.253640e-02 -8.092151e-05
6.930000e+00 1.451071e+00 -3.251682e-02 9.510785e-02 -3.971001e-05
6.930000e+00 2.031429e+00 -2.609392e-02 9.097169e-02 -1.925787e-05
6.930000e+00 2.784068e+00 -2.408551e-02 8.917016e-02 -1.206310e-05
6.930000e+00 3.580407e+00 -2.352541e-02 7.995167e-02 -1.875120e-05
7.090000e+00 2.094395e-02 -1.725017e-03 1.215983e-03 -7.714511e-04
7.090000e+00 3.183814e-02 -2.495156e-03 1.608041e-03 -7.202894e-04
7.090000e+00 4.770840e-02 -4.660578e-03 3.167236e-03 -8.113024e-04
7.090000e+00 7.025257e-02 -1.126440e-02 7.583909e-03 -1.143726e-03
7.090000e+00 9.773653e-02 -2.107829e-02 1.404479e-02 -1.468594e-03
7.090000e+00 1.368335e-01 -2.668718e-02 1.936833e-02 -1.063243e-03
7.090000e+00 1.929536e-01 -3.584108e-02 2.769662e-02 -8.788910e-04
7.090000e+00 2.695639e-01 -4.407694e-02 3.887629e-02 -6.653928e-04
7.090000e+00 3.777252e-01 -4.892178e-02 5.151914e-02 -4.433168e-04
7.090000e+00 5.288205e-01 -5.009917e-02 6.562401e-02 -2.768290e-04
7.090000e+00 7.401737e-01 -4.657412e-02 7.907290e-02 -1.555065e-04
7.090000e+00 1.036455e+00 -4.074756e-02 8.873305e-02 -8.228759e-05
7.090000e+00 1.451071e+00 -3.328035e-02 9.132911e-02 -4.064243e-05
7.090000e+00 2.031429e+00 -2.684274e-02 8.803574e-02 -1.981051e-05
7.090000e+00 2.784068e+00 -2.470917e-02 8.719999e-02 -1.237546e-05
7.090000e+00 3.580407e+00 -2.402519e-02 7.826819e-02 -1.914956e-05
7.250000e+00 2.094395e-02 -1.570112e-03 1.169331e-03 -7.021755e-04
7.250000e+00 3.183814e-02 -2.257800e-03 1.546217e-03 -6.517707e-04
7.250000e+00 4.770840e-02 -4.294442e-03 3.046267e-03 -7.475664e-04
7.250000e+00 7.025257e-02 -1.040521e-02 7.294459e-03 -1.056489e-03
7.250000e+00 9.773653e-02 -1.953406e-02 1.350597e-02 -1.361003e-03
7.250000e+00 1.368335e-01 -2.501915e-02 1.863012e-02 -9.967867e-04
7.250000e+00 1.929536e-01 -3.402192e-02 2.663120e-02 -8.342816e-04
7.250000e+00 2.695639e-01 -4.251629e-02 3.737982e-02 -6.418330e-04
7.250000e+00 3.777252e-01 -4.787876e-02 4.951563e-02 -4.338653e-04
7.250000e+00 5.288205e-01 -4.957342e-02 6.301866e-02 -2.739239e-04
7.250000e+00 7.401737e-01 -4.667549e-02 7.588573e-02 -1.558449e-04
7.250000e+00 1.036455e+00 -4.111550e-02 8.511114e-02 -8.303062e-05
7.250000e+00 1.451071e+00 -3.379085e-02 8.782875e-02 -4.126587e-05
7.250000e+00 2.031429e+00 -2.737428e-02 8.524539e-02 -2.020280e-05
7.250000e+00 2.784068e+00 -2.527217e-02 8.533067e-02 -1.265744e-05
7.250000e+00 3.580407e+00 -2.437908e-02 7.662219e-02 -1.943163e-05
7.410000e+00 2.094395e-02 -1.436915e-03 1.125196e-03 -6.426079e-04
7.410000e+00 3.183814e-02 -2.063629e-03 1.488064e-03 -5.957184e-04
7.410000e+00 4.770840e-02 -3.934020e-03 2.931581e-03 -6.848250e-04
7.410000e+00 7.025257e-02 -9.617615e-03 7.021054e-03 -9.765208e-04
7.410000e+00 9.773653e-02 -1.804210e-02 1.299657e-02 -1.257053e-03
7.410000e+00 1.368335e-01 -2.337030e-02 1.793402e-02 -9.310950e-04
7.410000e+00 1.929536e-01 -3.201618e-02 2.562746e-02 -7.850972e-04
7.410000e+00 2.695639e-01 -4.071749e-02 3.596345e-02 -6.146780e-04
7.410000e+00 3.777252e-01 -4.650524e-02 4.762361e-02 -4.214188e-04
7.410000e+00 5.288205e-01 -4.867526e-02 6.057678e-02 -2.689610e-04
7.410000e+00 7.401737e-01 -4.648364e-02 7.288351e-02 -1.552044e-04
7.410000e+00 1.036455e+00 -4.120578e-02 8.173960e-02 -8.321293e-05
7.410000e+00 1.451071e+00 -3.409192e-02 8.448257e-02 -4.163354e-05
7.410000e+00 2.031429e+00 -2.777890e-02 8.268725e-02 -2.050142e-05
7.410000e+00 2.784068e+00 -2.572077e-02 8.359179e-02 -1.288212e-05
7.410000e+00 3.580407e+00 -2.463885e-02 7.499549e-02 -1.963868e-05
7.580000e+00 2.094395e-02 -1.310234e-03 1.081134e-03 -5.859546e-04
7.580000e+00 3.183814e-02 -1.895921e-03 1.429720e-03 -5.473052e-04
7.580000e+00 4.770840e-02 -3.608329e-03 2.816954e-03 -6.281294e-04
7.580000e+00 7.025257e-02 -8.852424e-03 6.746776e-03 -8.988275e-04
7.580000e+00 9.773653e-02 -1.659550e-02 1.248607e-02 -1.156263e-03
7.580000e+00 1.368335e-01 -2.165202e-02 1.723673e-02 -8.626371e-04
7.580000e+00 1.929536e-01 -2.990336e-02 2.462002e-02 -7.332868e-04
7.580000e+00 2.695639e-01 -3.869598e-02 3.454364e-02 -5.841610e-04
7.580000e+00 3.777252e-01 -4.477446e-02 4.572990e-02 -4.057349e-04
7.580000e+00 5.288205e-01 -4.746025e-02 5.813696e-02 -2.622473e-04
7.580000e+00 7.401737e-01 -4.592708e-02 6.989582e-02 -1.533461e-04
7.580000e+00 1.036455e+00 -4.100795e-02 7.842077e-02 -8.281342e-05
7.580000e+00 1.451071e+00 -3.414965e-02 8.122840e-02 -4.170404e-05
7.580000e+00 2.031429e+00 -2.806181e-02 8.021256e-02 -2.071021e-05
7.580000e+00 2.784068e+00 -2.602748e-02 8.181048e-02 -1.303573e-05
7.580000e+00 3.580407e+00 -2.478412e-02 7.343307e-02 -1.975447e-05
7.750000e+00 2.094395e-02 -1.195625e-03 1.039499e-03 -5.346999e-04
7.750000e+00 3.183814e-02 -1.741979e-03 1.374768e-03 -5.028660e-04
7.750000e+00 4.770840e-02 -3.308162e-03 2.708988e-03 -5.758770e-04
7.750000e+00 7.025257e-02 -8.113043e-03 6.487790e-03 -8.237548e-04
7.750000e+00 9.773653e-02 -1.523229e-02 1.200641e-02 -1.061284e-03
7.750000e+00 1.368335e-01 -1.998139e-02 1.657663e-02 -7.960778e-04
7.750000e+00 1.929536e-01 -2.780033e-02 2.367459e-02 -6.817166e-04
7.750000e+00 2.695639e-01 -3.657138e-02 3.319966e-02 -5.520877e-04
7.750000e+00 3.777252e-01 -4.282960e-02 4.395456e-02 -3.881110e-04
7.750000e+00 5.288205e-01 -4.597364e-02 5.582220e-02 -2.540329e-04
7.750000e+00 7.401737e-01 -4.504779e-02 6.707729e-02 -1.504102e-04
7.750000e+00 1.036455e+00 -4.060612e-02 7.530111e-02 -8.200196e-05
7.750000e+00 1.451071e+00 -3.403537e-02 7.815894e-02 -4.156448e-05
7.750000e+00 2.031429e+00 -2.819148e-02 7.788851e-02 -2.080591e-05
7.750000e+00 2.784068e+00 -2.622221e-02 8.017579e-02 -1.313326e-05
7.750000e+00 3.580407e+00 -2.485379e-02 7.185144e-02 -1.981000e-05
7.930000e+00 2.094395e-02 -1.091230e-03 9.980283e-04 -4.880128e-04
7.930000e+00 3.183814e-02 -1.596258e-03 1.320063e-03 -4.608001e-04
7.930000e+00 4.770840e-02 -3.019682e-03 2.601322e-03 -5.256592e-04
7.930000e+00 7.025257e-02 -7.403954e-03 6.229487e-03 -7.517576e-04
7.930000e+00 9.773653e-02 -1.392653e-02 1.152913e-02 -9.703071e-04
7.930000e+00 1.368335e-01 -1.834059e-02 1.592092e-02 -7.307067e-04
7.930000e+00 1.929536e-01 -2.567811e-02 2.272809e-02 -6.296756e-04
7.930000e+00 2.695639e-01 -3.428626e-02 3.186858e-02 -5.175911e-04
7.930000e+00 3.777252e-01 -4.069232e-02 4.216988e-02 -3.687436e-04
7.930000e+00 5.288205e-01 -4.431002e-02 5.353471e-02 -2.448404e-04
7.930000e+00 7.401737e-01 -4.386391e-02 6.427117e-02 -1.464573e-04
7.930000e+00 1.036455e+00 -3.994801e-02 7.223155e-02 -8.067292e-05
7.930000e+00 1.451071e+00 -3.371757e-02 7.513176e-02 -4.117637e-05
7.930000e+00 2.031429e+00 -2.815777e-02 7.559211e-02 -2.078103e-05
7.930000e+00 2.784068e+00 -2.632391e-02 7.849048e-02 -1.318420e-05
7.930000e+00 3.580407e+00 -2.475088e-02 7.022516e-02 -1.972798e-05
8.110000e+00 2.094395e-02 -9.921249e-04 9.589653e-04 -4.436917e-04
8.110000e+00 3.183814e-02 -1.460193e-03 1.268255e-03 -4.215215e-04
8.110000e+00 4.770840e-02 -2.757886e-03 2.499920e-03 -4.800863e-04
8.110000e+00 7.025257e-02 -6.753962e-03 5.986117e-03 -6.857610e-04
8.110000e+00 9.773653e-02 -1.270578e-02 1.107899e-02 -8.852538e-04
8.110000e+00 1.368335e-01 -1.681084e-02 1.530207e-02 -6.697598e-04
8.110000e+00 1.929536e-01 -2.362930e-02 2.184091e-02 -5.794350e-04
8.110000e+00 2.695639e-01 -3.197187e-02 3.062024e-02 -4.826527e-04
8.110000e+00 3.777252e-01 -3.844081e-02 4.049142e-02 -3.483409e-04
8.110000e+00 5.288205e-01 -4.243682e-02 5.138079e-02 -2.344898e-04
8.110000e+00 7.401737e-01 -4.247158e-02 6.165785e-02 -1.418085e-04
8.110000e+00 1.036455e+00 -3.901077e-02 6.930230e-02 -7.878022e-05
8.110000e+00 1.451071e+00 -3.324396e-02 7.236200e-02 -4.059800e-05
8.110000e+00 2.031429e+00 -2.798263e-02 7.350554e-02 -2.065178e-05
8.110000e+00 2.784068e+00 -2.627509e-02 7.695999e-02 -1.315975e-05
8.110000e+00 3.580407e+00 -2.455245e-02 6.870855e-02 -1.956981e-05
8.290000e+00 2.094395e-02 -8.978920e-04 9.221749e-04 -4.015495e-04
8.290000e+00 3.183814e-02 -1.331610e-03 1.219368e-03 -3.844027e-04
8.290000e+00 4.770840e-02 -2.505682e-03 2.403990e-03 -4.361832e-04
8.290000e+00 7.025257e-02 -6.135895e-03 5.756611e-03 -6.230058e-04
8.290000e+00 9.773653e-02 -1.156628e-02 1.065231e-02 -8.058608e-04
8.290000e+00 1.368335e-01 -1.535917e-02 1.471764e-02 -6.119238e-04
8.290000e+00 1.929536e-01 -2.167528e-02 2.100061e-02 -5.315187e-04
8.290000e+00 2.695639e-01 -2.968226e-02 2.944334e-02 -4.480884e-04
8.290000e+00 3.777252e-01 -3.613850e-02 3.891911e-02 -3.274780e-04
8.290000e+00 5.288205e-01 -4.041820e-02 4.937454e-02 -2.233356e-04
8.290000e+00 7.401737e-01 -4.090287e-02 5.921528e-02 -1.365707e-04
8.290000e+00 1.036455e+00 -3.793645e-02 6.658945e-02 -7.661069e-05
8.290000e+00 1.451071e+00 -3.257684e-02 6.975031e-02 -3.978330e-05
8.290000e+00 2.031429e+00 -2.772197e-02 7.159104e-02 -2.045940e-05
8.290000e+00 2.784068e+00 -2.610024e-02 7.550786e-02 -1.307218e-05
8.290000e+00 3.580407e+00 -2.428169e-02 6.729209e-02 -1.935400e-05
8.470000e+00 2.094395e-02 -8.132302e-04 8.875203e-04 -3.636876e-04
8.470000e+00 3.183814e-02 -1.213054e-03 1.173446e-03 -3.501784e-04
8.470000e+00 4.770840e-02 -2.276523e-03 2.313799e-03 -3.962918e-04
8.470000e+00 7.025257e-02 -5.570184e-03 5.540561e-03 -5.655665e-04
8.470000e+00 9.773653e-02 -1.052705e-02 1.025254e-02 -7.334546e-04
8.470000e+00 1.368335e-01 -1.401656e-02 1.416685e-02 -5.584332e-04
8.470000e+00 1.929536e-01 -1.983689e-02 2.021128e-02 -4.864379e-04
8.470000e+00 2.695639e-01 -2.745068e-02 2.833928e-02 -4.144001e-04
8.470000e+00 3.777252e-01 -3.378415e-02 3.743176e-02 -3.061434e-04
8.470000e+00 5.288205e-01 -3.826080e-02 4.747561e-02 -2.114147e-04
8.470000e+00 7.401737e-01 -3.915436e-02 5.692786e-02 -1.307326e-04
8.470000e+00 1.036455e+00 -3.665603e-02 6.403924e-02 -7.402495e-05
8.470000e+00 1.451071e+00 -3.175292e-02 6.734935e-02 -3.877712e-05
8.470000e+00 2.031429e+00 -2.728536e-02 6.979531e-02 -2.013717e-05
8.470000e+00 2.784068e+00 -2.584261e-02 7.412154e-02 -1.294314e-05
8.470000e+00 3.580407e+00 -2.390032e-02 6.597325e-02 -1.905003e-05
8.660000e+00 2.094395e-02 -7.348924e-04 8.529355e-04 -3.286539e-04
8.660000e+00 3.183814e-02 -1.098141e-03 1.127697e-03 -3.170060e-04
8.660000e+00 4.770840e-02 -2.065223e-03 2.223674e-03 -3.595091e-04
8.660000e+00 7.025257e-02 -5.038978e-03 5.324680e-03 -5.116307e-04
8.660000e+00 9.773653e-02 -9.546699e-03 9.853619e-03 -6.651501e-04
8.660000e+00 1.368335e-01 -1.273928e-02 1.361662e-02 -5.075450e-04
8.660000e+00 1.929536e-01 -1.807047e-02 1.942496e-02 -4.431219e-04
8.660000e+00 2.695639e-01 -2.520587e-02 2.723418e-02 -3.805120e-04
8.660000e+00 3.777252e-01 -3.137272e-02 3.594673e-02 -2.842917e-04
8.660000e+00 5.288205e-01 -3.593151e-02 4.556626e-02 -1.985439e-04
8.660000e+00 7.401737e-01 -3.723148e-02 5.462292e-02 -1.243123e-04
8.660000e+00 1.036455e+00 -3.522270e-02 6.152537e-02 -7.113042e-05
8.660000e+00 1.451071e+00 -3.082479e-02 6.498232e-02 -3.764367e-05
8.660000e+00 2.031429e+00 -2.679178e-02 6.803439e-02 -1.977290e-05
8.660000e+00 2.784068e+00 -2.550921e-02 7.279459e-02 -1.277616e-05
8.660000e+00 3.580407e+00 -2.338364e-02 6.449313e-02 -1.863820e-05
8.860000e+00 2.094395e-02 -6.641006e-04 8.186549e-04 -2.969948e-04
8.860000e+00 3.183814e-02 -9.926038e-04 1.082419e-03 -2.865400e-04
8.860000e+00 4.770840e-02 -1.867872e-03 2.134618e-03 -3.251548e-04
8.860000e+00 7.025257e-02 -4.554541e-03 5.111379e-03 -4.624436e-04
8.860000e+00 9.773653e-02 -8.643607e-03 9.457768e-03 -6.022286e-04
8.860000e+00 1.368335e-01 -1.155116e-02 1.307287e-02 -4.602091e-04
8.860000e+00 1.929536e-01 -1.640304e-02 1.864552e-02 -4.022336e-04
8.860000e+00 2.695639e-01 -2.303457e-02 2.613980e-02 -3.477337e-04
8.860000e+00 3.777252e-01 -2.894874e-02 3.448992e-02 -2.623262e-04
8.860000e+00 5.288205e-01 -3.357099e-02 4.370370e-02 -1.855005e-04
8.860000e+00 7.401737e-01 -3.518507e-02 5.237822e-02 -1.174795e-04
8.860000e+00 1.036455e+00 -3.363259e-02 5.904391e-02 -6.791926e-05
8.860000e+00 1.451071e+00 -2.973132e-02 6.264063e-02 -3.630831e-05
8.860000e+00 2.031429e+00 -2.615530e-02 6.631063e-02 -1.930316e-05
8.860000e+00 2.784068e+00 -2.508909e-02 7.147244e-02 -1.256575e-05
8.860000e+00 3.580407e+00 -2.284497e-02 6.304142e-02 -1.820885e-05
9.050000e+00 2.094395e-02 -5.994676e-04 7.880378e-04 -2.680900e-04
9.050000e+00 3.183814e-02 -8.989190e-04 1.041878e-03 -2.594956e-04
9.050000e+00 4.770840e-02 -1.695324e-03 2.054977e-03 -2.951180e-04
9.050000e+00 7.025257e-02 -4.126354e-03 4.920732e-03 -4.189678e-04
9.050000e+00 9.773653e-02 -7.837426e-03 9.104112e-03 -5.460593e-04
9.050000e+00 1.368335e-01 -1.047076e-02 1.258624e-02 -4.171651e-04
9.050000e+00 1.929536e-01 -1.488835e-02 1.794561e-02 -3.650904e-04
9.050000e+00 2.695639e-01 -2.100319e-02 2.516294e-02 -3.170677e-04
9.050000e+00 3.777252e-01 -2.663043e-02 3.318987e-02 -2.413183e-04
9.050000e+00 5.288205e-01 -3.123537e-02 4.203005e-02 -1.725948e-04
9.050000e+00 7.401737e-01 -3.311503e-02 5.037696e-02 -1.105679e-04
9.050000e+00 1.036455e+00 -3.200933e-02 5.685806e-02 -6.464117e-05
9.050000e+00 1.451071e+00 -2.856167e-02 6.057616e-02 -3.487991e-05
9.050000e+00 2.031429e+00 -2.540042e-02 6.479439e-02 -1.874605e-05
9.050000e+00 2.784068e+00 -2.452545e-02 7.021079e-02 -1.228345e-05
9.050000e+00 3.580407e+00 -2.230729e-02 6.176459e-02 -1.778028e-05
9.250000e+00 2.094395e-02 -5.416832e-04 7.575625e-04 -2.422481e-04
9.250000e+00 3.183814e-02 -8.131481e-04 1.001605e-03 -2.347356e-04
9.250000e+00 4.770840e-02 -1.528301e-03 1.975675e-03 -2.660430e-04
9.250000e+00 7.025257e-02 -3.716527e-03 4.730523e-03 -3.773561e-04
9.250000e+00 9.773653e-02 -7.061203e-03 8.752068e-03 -4.919773e-04
9.250000e+00 1.368335e-01 -9.442893e-03 1.210052e-02 -3.762138e-04
9.250000e+00 1.929536e-01 -1.346331e-02 1.725128e-02 -3.301457e-04
9.250000e+00 2.695639e-01 -1.904848e-02 2.418986e-02 -2.875590e-04
9.250000e+00 3.777252e-01 -2.434366e-02 3.189028e-02 -2.205961e-04
9.250000e+00 5.288205e-01 -2.887859e-02 4.039488e-02 -1.595721e-04
9.250000e+00 7.401737e-01 -3.096815e-02 4.840310e-02 -1.033996e-04
9.250000e+00 1.036455e+00 -3.025975e-02 5.469193e-02 -6.110799e-05
9.250000e+00 1.451071e+00 -2.728617e-02 5.849863e-02 -3.332226e-05
9.250000e+00 2.031429e+00 -2.462765e-02 6.330462e-02 -1.817573e-05
9.250000e+00 2.784068e+00 -2.391882e-02 6.893877e-02 -1.197962e-05
9.250000e+00 3.580407e+00 -2.171317e-02 6.050413e-02 -1.730673e-05
9.460000e+00 2.094395e-02 -4.853381e-04 7.274291e-04 -2.170498e-04
9.460000e+00 3.183814e-02 -7.341552e-04 9.617430e-04 -2.119323e-04
9.460000e+00 4.770840e-02 -1.370828e-03 1.897462e-03 -2.386305e-04
9.460000e+00 7.025257e-02 -3.336457e-03 4.542932e-03 -3.387659e-04
9.460000e+00 9.773653e-02 -6.354858e-03 8.403709e-03 -4.427639e-04
9.460000e+00 1.368335e-01 -8.493540e-03 1.162143e-02 -3.383907e-04
9.460000e+00 1.929536e-01 -1.212391e-02 1.656380e-02 -2.973011e-04
9.460000e+00 2.695639e-01 -1.721508e-02 2.322447e-02 -2.598817e-04
9.460000e+00 3.777252e-01 -2.214200e-02 3.060977e-02 -2.006452e-04
9.460000e+00 5.288205e-01 -2.654738e-02 3.876884e-02 -1.466908e-04
9.460000e+00 7.401737e-01 -2.880274e-02 4.646793e-02 -9.616954e-05
9.460000e+00 1.036455e+00 -2.845526e-02 5.254283e-02 -5.746391e-05
9.460000e+00 1.451071e+00 -2.599873e-02 5.657739e-02 -3.175002e-05
9.460000e+00 2.031429e+00 -2.371277e-02 6.182735e-02 -1.750053e-05
9.460000e+00 2.784068e+00 -2.321331e-02 6.765949e-02 -1.162627e-05
9.460000e+00 3.580407e+00 -2.095534e-02 5.916312e-02 -1.670270e-05
9.670000e+00 2.094395e-02 -4.353796e-04 6.990229e-04 -1.947077e-04
9.670000e+00 3.183814e-02 -6.598734e-04 9.242406e-04 -1.904891e-04
9.670000e+00 4.770840e-02 -1.227881e-03 1.823588e-03 -2.137467e-04
9.670000e+00 7.025257e-02 -2.987227e-03 4.366068e-03 -3.033070e-04
9.670000e+00 9.773653e-02 -5.701770e-03 8.075426e-03 -3.972611e-04
9.670000e+00 1.368335e-01 -7.620893e-03 1.117024e-02 -3.036236e-04
9.670000e+00 1.929536e-01 -1.089951e-02 1.592005e-02 -2.672766e-04
9.670000e+00 2.695639e-01 -1.552114e-02 2.231288e-02 -2.343098e-04
9.670000e+00 3.777252e-01 -2.009265e-02 2.941413e-02 -1.820746e-04
9.670000e+00 5.288205e-01 -2.430036e-02 3.724225e-02 -1.342746e-04
9.670000e+00 7.401737e-01 -2.665693e-02 4.463383e-02 -8.900491e-05
9.670000e+00 1.036455e+00 -2.661290e-02 5.056127e-02 -5.374337e-05
9.670000e+00 1.451071e+00 -2.457234e-02 5.471279e-02 -3.000810e-05
9.670000e+00 2.031429e+00 -2.268552e-02 6.043199e-02 -1.674240e-05
9.670000e+00 2.784068e+00 -2.239987e-02 6.644135e-02 -1.121886e-05
9.670000e+00 3.580407e+00 -2.003220e-02 5.789798e-02 -1.596690e-05
9.880000e+00 2.094395e-02 -3.899620e-04 6.723513e-04 -1.743963e-04
9.880000e+00 3.183814e-02 -5.952112e-04 8.888594e-04 -1.718227e-04
9.880000e+00 4.770840e-02 -1.096348e-03 1.753788e-03 -1.908496e-04
9.880000e+00 7.025257e-02 -2.670748e-03 4.199563e-03 -2.711734e-04
9.880000e+00 9.773653e-02 -5.094845e-03 7.766593e-03 -3.549747e-04
9.880000e+00 1.368335e-01 -6.818895e-03 1.074589e-02 -2.716713e-04
9.880000e+00 1.929536e-01 -9.765246e-03 1.531022e-02 -2.394623e-04
9.880000e+00 2.695639e-01 -1.393795e-02 2.145829e-02 -2.104096e-04
9.880000e+00 3.777252e-01 -1.812838e-02 2.828688e-02 -1.642748e-04
9.880000e+00 5.288205e-01 -2.212339e-02 3.580087e-02 -1.222455e-04
9.880000e+00 7.401737e-01 -2.454640e-02 4.293056e-02 -8.195803e-05
9.880000e+00 1.036455e+00 -2.475535e-02 4.867539e-02 -4.999214e-05
9.880000e+00 1.451071e+00 -2.314268e-02 5.300703e-02 -2.826217e-05
9.880000e+00 2.031429e+00 -2.162304e-02 5.913009e-02 -1.595826e-05
9.880000e+00 2.784068e+00 -2.149194e-02 6.531397e-02 -1.076413e-05
9.880000e+00 3.580407e+00 -1.913345e-02 5.666964e-02 -1.525053e-05
1.010000e+01 2.094395e-02 -3.482819e-04 6.459520e-04 -1.557564e-04
1.010000e+01 3.183814e-02 -5.303243e-04 8.539257e-04 -1.530914e-04
1.010000e+01 4.770840e-02 -9.754654e-04 1.685105e-03 -1.698067e-04
1.010000e+01 7.025257e-02 -2.384693e-03 4.034562e-03 -2.421289e-04
1.010000e+01 9.773653e-02 -4.542174e-03 7.461348e-03 -3.164683e-04
1.010000e+01 1.368335e-01 -6.079881e-03 1.032453e-02 -2.422282e-04
1.010000e+01 1.929536e-01 -8.715705e-03 1.471119e-02 -2.137255e-04
1.010000e+01 2.695639e-01 -1.246194e-02 2.061306e-02 -1.881275e-04
1.010000e+01 3.777252e-01 -1.630242e-02 2.717776e-02 -1.477284e-04
1.010000e+01 5.288205e-01 -2.004441e-02 3.438684e-02 -1.107578e-04
1.010000e+01 7.401737e-01 -2.246862e-02 4.124444e-02 -7.502053e-05
1.010000e+01 1.036455e+00 -2.291845e-02 4.686133e-02 -4.628262e-05
1.010000e+01 1.451071e+00 -2.168430e-02 5.134657e-02 -2.648117e-05
1.010000e+01 2.031429e+00 -2.050968e-02 5.786460e-02 -1.513658e-05
1.010000e+01 2.784068e+00 -2.055533e-02 6.414443e-02 -1.029503e-05
1.010000e+01 3.580407e+00 -1.821606e-02 5.540654e-02 -1.451932e-05
1.032000e+01 2.094395e-02 -3.118155e-04 6.210249e-04 -1.394481e-04
1.032000e+01 3.183814e-02 -4.730087e-04 8.210946e-04 -1.365459e-04
1.032000e+01 4.770840e-02 -8.651191e-04 1.620531e-03 -1.505979e-04
1.032000e+01 7.025257e-02 -2.117483e-03 3.879238e-03 -2.149978e-04
1.032000e+01 9.773653e-02 -4.030429e-03 7.174614e-03 -2.808133e-04
1.032000e+01 1.368335e-01 -5.417633e-03 9.928507e-03 -2.158437e-04
1.032000e+01 1.929536e-01 -7.763324e-03 1.414565e-02 -1.903714e-04
1.032000e+01 2.695639e-01 -1.110018e-02 1.981626e-02 -1.675702e-04
1.032000e+01 3.777252e-01 -1.459258e-02 2.613013e-02 -1.322343e-04
1.032000e+01 5.288205e-01 -1.807190e-02 3.304550e-02 -9.985849e-05
1.032000e+01 7.401737e-01 -2.045486e-02 3.965724e-02 -6.829680e-05
1.032000e+01 1.036455e+00 -2.111535e-02 4.516782e-02 -4.264136e-05
1.032000e+01 1.451071e+00 -2.020004e-02 4.979237e-02 -2.466858e-05
1.032000e+01 2.031429e+00 -1.938447e-02 5.666960e-02 -1.430615e-05
1.032000e+01 2.784068e+00 -1.960218e-02 6.300293e-02 -9.817652e-06
1.032000e+01 3.580407e+00 -1.732787e-02 5.413541e-02 -1.381138e-05
1.055000e+01 2.094395e-02 -2.781273e-04 5.965463e-04 -1.243823e-04
1.055000e+01 3.183814e-02 -4.225470e-04 7.887461e-04 -1.219788e-04
1.055000e+01 4.770840e-02 -7.668199e-04 1.556750e-03 -1.334862e-04
1.055000e+01 7.025257e-02 -1.873145e-03 3.726537e-03 -1.901891e-04
1.055000e+01 9.773653e-02 -3.559883e-03 6.890366e-03 -2.480288e-04
1.055000e+01 1.368335e-01 -4.795795e-03 9.540131e-03 -1.910690e-04
1.055000e+01 1.929536e-01 -6.872149e-03 1.358767e-02 -1.685180e-04
1.055000e+01 2.695639e-01 -9.850936e-03 1.903202e-02 -1.487114e-04
1.055000e+01 3.777252e-01 -1.298047e-02 2.508842e-02 -1.176258e-04
1.055000e+01 5.288205e-01 -1.619418e-02 3.172870e-02 -8.948288e-05
1.055000e+01 7.401737e-01 -1.853125e-02 3.810102e-02 -6.187403e-05
1.055000e+01 1.036455e+00 -1.933870e-02 4.350423e-02 -3.905349e-05
1.055000e+01 1.451071e+00 -1.874137e-02 4.828724e-02 -2.288723e-05
1.055000e+01 2.031429e+00 -1.823420e-02 5.549278e-02 -1.345723e-05
1.055000e+01 2.784068e+00 -1.859132e-02 6.185444e-02 -9.311367e-06
1.055000e+01 3.580407e+00 -1.643507e-02 5.295570e-02 -1.309976e-05
1.078000e+01 2.094395e-02 -2.460753e-04 5.734200e-04 -1.100482e-04
1.078000e+01 3.183814e-02 -3.731212e-04 7.582040e-04 -1.077108e-04
1.078000e+01 4.770840e-02 -6.758363e-04 1.496806e-03 -1.176480e-04
1.078000e+01 7.025257e-02 -1.651031e-03 3.582498e-03 -1.676368e-04
1.078000e+01 9.773653e-02 -3.128070e-03 6.623684e-03 -2.179430e-04
1.078000e+01 1.368335e-01 -4.227673e-03 9.172904e-03 -1.684345e-04
1.078000e+01 1.929536e-01 -6.071296e-03 1.306190e-02 -1.488796e-04
1.078000e+01 2.695639e-01 -8.702704e-03 1.829766e-02 -1.313775e-04
1.078000e+01 3.777252e-01 -1.151736e-02 2.410880e-02 -1.043674e-04
1.078000e+01 5.288205e-01 -1.445114e-02 3.049444e-02 -7.985154e-05
1.078000e+01 7.401737e-01 -1.669290e-02 3.663300e-02 -5.573598e-05
1.078000e+01 1.036455e+00 -1.763625e-02 4.196616e-02 -3.561549e-05
1.078000e+01 1.451071e+00 -1.732510e-02 4.688867e-02 -2.115765e-05
1.078000e+01 2.031429e+00 -1.709825e-02 5.435644e-02 -1.261887e-05
1.078000e+01 2.784068e+00 -1.757459e-02 6.075531e-02 -8.802143e-06
1.078000e+01 3.580407e+00 -1.547580e-02 5.181543e-02 -1.233516e-05
1.101000e+01 2.094395e-02 -2.171314e-04 5.516515e-04 -9.710412e-05
1.101000e+01 3.183814e-02 -3.284627e-04 7.294783e-04 -9.481901e-05
1.101000e+01 4.770840e-02 -5.944201e-04 1.440006e-03 -1.034753e-04
1.101000e+01 7.025257e-02 -1.451335e-03 3.446655e-03 -1.473608e-04
1.101000e+01 9.773653e-02 -2.747466e-03 6.372141e-03 -1.914251e-04
1.101000e+01 1.368335e-01 -3.719454e-03 8.826199e-03 -1.481866e-04
1.101000e+01 1.929536e-01 -5.347827e-03 1.256560e-02 -1.311388e-04
1.101000e+01 2.695639e-01 -7.676706e-03 1.760179e-02 -1.158888e-04
1.101000e+01 3.777252e-01 -1.018510e-02 2.318619e-02 -9.229479e-05
1.101000e+01 5.288205e-01 -1.284489e-02 2.932503e-02 -7.097601e-05
1.101000e+01 7.401737e-01 -1.496955e-02 3.524591e-02 -4.998187e-05
1.101000e+01 1.036455e+00 -1.600264e-02 4.053816e-02 -3.231651e-05
1.101000e+01 1.451071e+00 -1.591250e-02 4.556134e-02 -1.943257e-05
1.101000e+01 2.031429e+00 -1.597593e-02 5.336861e-02 -1.179058e-05
1.101000e+01 2.784068e+00 -1.650837e-02 5.961673e-02 -8.268135e-06
1.101000e+01 3.580407e+00 -1.454570e-02 5.063989e-02 -1.159381e-05
1.125000e+01 2.094395e-02 -1.911579e-04 5.302159e-04 -8.548840e-05
1.125000e+01 3.183814e-02 -2.884723e-04 7.012128e-04 -8.327479e-05
1.125000e+01 4.770840e-02 -5.217788e-04 1.384349e-03 -9.083004e-05
1.125000e+01 7.025257e-02 -1.271615e-03 3.312939e-03 -1.291130e-04
1.125000e+01 9.773653e-02 -2.406482e-03 6.124982e-03 -1.676675e-04
1.125000e+01 1.368335e-01 -3.262227e-03 8.484622e-03 -1.299702e-04
1.125000e+01 1.929536e-01 -4.683555e-03 1.207745e-02 -1.148496e-04
1.125000e+01 2.695639e-01 -6.731998e-03 1.691698e-02 -1.016274e-04
1.125000e+01 3.777252e-01 -8.949756e-03 2.228067e-02 -8.110044e-05
1.125000e+01 5.288205e-01 -1.134131e-02 2.818145e-02 -6.266778e-05
1.125000e+01 7.401737e-01 -1.334899e-02 3.389969e-02 -4.457098e-05
1.125000e+01 1.036455e+00 -1.442920e-02 3.911728e-02 -2.913902e-05
1.125000e+01 1.451071e+00 -1.456524e-02 4.433395e-02 -1.778728e-05
1.125000e+01 2.031429e+00 -1.484278e-02 5.235789e-02 -1.095428e-05
1.125000e+01 2.784068e+00 -1.545037e-02 5.854840e-02 -7.738239e-06
1.125000e+01 3.580407e+00 -1.358940e-02 4.952422e-02 -1.083159e-05
1.150000e+01 2.094395e-02 -1.673469e-04 5.091784e-04 -7.483980e-05
1.150000e+01 3.183814e-02 -2.523061e-04 6.733654e-04 -7.283449e-05
1.150000e+01 4.770840e-02 -4.544288e-04 1.329778e-03 -7.910589e-05
1.150000e+01 7.025257e-02 -1.108607e-03 3.181569e-03 -1.125620e-04
1.150000e+01 9.773653e-02 -2.096532e-03 5.883252e-03 -1.460723e-04
1.150000e+01 1.368335e-01 -2.846375e-03 8.148430e-03 -1.134023e-04
1.150000e+01 1.929536e-01 -4.084900e-03 1.160108e-02 -1.001695e-04
1.150000e+01 2.695639e-01 -5.877364e-03 1.624191e-02 -8.872566e-05
1.150000e+01 3.777252e-01 -7.835806e-03 2.140014e-02 -7.100610e-05
1.150000e+01 5.288205e-01 -9.977780e-03 2.706956e-02 -5.513343e-05
1.150000e+01 7.401737e-01 -1.183098e-02 3.257994e-02 -3.950251e-05
1.150000e+01 1.036455e+00 -1.293880e-02 3.772308e-02 -2.612924e-05
1.150000e+01 1.451071e+00 -1.326286e-02 4.312633e-02 -1.619679e-05
1.150000e+01 2.031429e+00 -1.373989e-02 5.134945e-02 -1.014033e-05
1.150000e+01 2.784068e+00 -1.441677e-02 5.741816e-02 -7.220569e-06
1.150000e+01 3.580407e+00 -1.264751e-02 4.840068e-02 -1.008084e-05
1.175000e+01 2.094395e-02 -1.467030e-04 4.893693e-04 -6.560760e-05
1.175000e+01 3.183814e-02 -2.185404e-04 6.471322e-04 -6.308717e-05
1.175000e+01 4.770840e-02 -3.973847e-04 1.278319e-03 -6.917580e-05
1.175000e+01 7.025257e-02 -9.661628e-04 3.058408e-03 -9.809896e-05
1.175000e+01 9.773653e-02 -1.817494e-03 5.654998e-03 -1.266308e-04
1.175000e+01 1.368335e-01 -2.475409e-03 7.831942e-03 -9.862267e-05
1.175000e+01 1.929536e-01 -3.553595e-03 1.115168e-02 -8.714086e-05
1.175000e+01 2.695639e-01 -5.124022e-03 1.560996e-02 -7.735310e-05
1.175000e+01 3.777252e-01 -6.839230e-03 2.056334e-02 -6.197539e-05
1.175000e+01 5.288205e-01 -8.749881e-03 2.602059e-02 -4.834853e-05
1.175000e+01 7.401737e-01 -1.045250e-02 3.135178e-02 -3.489989e-05
1.175000e+01 1.036455e+00 -1.154216e-02 3.644058e-02 -2.330878e-05
1.175000e+01 1.451071e+00 -1.200377e-02 4.199641e-02 -1.465918e-05
1.175000e+01 2.031429e+00 -1.265151e-02 5.041718e-02 -9.337080e-06
1.175000e+01 2.784068e+00 -1.338980e-02 5.633161e-02 -6.706213e-06
1.175000e+01 3.580407e+00 -1.174451e-02 4.734887e-02 -9.361094e-06
1.200000e+01 2.094395e-02 -1.273289e-04 4.707002e-04 -5.694319e-05
1.200000e+01 3.183814e-02 -1.892566e-04 6.223349e-04 -5.463368e-05
1.200000e+01 4.770840e-02 -3.441331e-04 1.229728e-03 -5.990588e-05
1.200000e+01 7.025257e-02 -8.392571e-04 2.942186e-03 -8.521365e-05
1.200000e+01 9.773653e-02 -1.575735e-03 5.438170e-03 -1.097866e-04
1.200000e+01 1.368335e-01 -2.155824e-03 7.533595e-03 -8.589007e-05
1.200000e+01 1.929536e-01 -3.085890e-03 1.072963e-02 -7.567186e-05
1.200000e+01 2.695639e-01 -4.441399e-03 1.501440e-02 -6.704811e-05
1.200000e+01 3.777252e-01 -5.947026e-03 1.978086e-02 -5.389045e-05
1.200000e+01 5.288205e-01 -7.631027e-03 2.503372e-02 -4.216616e-05
1.200000e+01 7.401737e-01 -9.188872e-03 3.020533e-02 -3.068075e-05
1.200000e+01 1.036455e+00 -1.026016e-02 3.523259e-02 -2.071986e-05
1.200000e+01 1.451071e+00 -1.081543e-02 4.094266e-02 -1.320796e-05
1.200000e+01 2.031429e+00 -1.156016e-02 4.949498e-02 -8.531643e-06
1.200000e+01 2.784068e+00 -1.235097e-02 5.528813e-02 -6.185922e-06
1.200000e+01 3.580407e+00 -1.083751e-02 4.630327e-02 -8.638160e-06
1.226000e+01 2.094395e-02 -1.102861e-04 4.524141e-04 -4.932145e-05
1.226000e+01 3.183814e-02 -1.644792e-04 5.981784e-04 -4.748107e-05
1.226000e+01 4.770840e-02 -2.975823e-04 1.181862e-03 -5.180243e-05
1.226000e+01 7.025257e-02 -7.255536e-04 2.827663e-03 -7.366880e-05
1.226000e+01 9.773653e-02 -1.359315e-03 5.226471e-03 -9.470798e-05
1.226000e+01 1.368335e-01 -1.864760e-03 7.241983e-03 -7.429383e-05
1.226000e+01 1.929536e-01 -2.667801e-03 1.031374e-02 -6.541952e-05
1.226000e+01 2.695639e-01 -3.836130e-03 1.442326e-02 -5.791086e-05
1.226000e+01 3.777252e-01 -5.150068e-03 1.900685e-02 -4.666862e-05
1.226000e+01 5.288205e-01 -6.622869e-03 2.406926e-02 -3.659547e-05
1.226000e+01 7.401737e-01 -8.033564e-03 2.907713e-02 -2.682329e-05
1.226000e+01 1.036455e+00 -9.055342e-03 3.407177e-02 -1.828679e-05
1.226000e+01 1.451071e+00 -9.694002e-03 3.992054e-02 -1.183845e-05
1.226000e+01 2.031429e+00 -1.052563e-02 4.860428e-02 -7.768137e-06
1.226000e+01 2.784068e+00 -1.135996e-02 5.423004e-02 -5.689581e-06
1.226000e+01 3.580407e+00 -9.994204e-03 4.528951e-02 -7.965995e-06
1.253000e+01 2.094395e-02 -9.573029e-05 4.344816e-04 -4.281189e-05
1.253000e+01 3.183814e-02 -1.424921e-04 5.744347e-04 -4.113393e-05
1.253000e+01 4.770840e-02 -2.554742e-04 1.135204e-03 -4.447234e-05
1.253000e+01 7.025257e-02 -6.234835e-04 2.715973e-03 -6.330516e-05
1.253000e+01 9.773653e-02 -1.164887e-03 5.019990e-03 -8.116149e-05
1.253000e+01 1.368335e-01 -1.603226e-03 6.955973e-03 -6.387405e-05
1.253000e+01 1.929536e-01 -2.294070e-03 9.905152e-03 -5.625491e-05
1.253000e+01 2.695639e-01 -3.299619e-03 1.384941e-02 -4.981160e-05
1.253000e+01 3.777252e-01 -4.428882e-03 1.825624e-02 -4.013341e-05
1.253000e+01 5.288205e-01 -5.717153e-03 2.312004e-02 -3.159082e-05
1.253000e+01 7.401737e-01 -6.969767e-03 2.800028e-02 -2.327137e-05
1.253000e+01 1.036455e+00 -7.938171e-03 3.294128e-02 -1.603072e-05
1.253000e+01 1.451071e+00 -8.634207e-03 3.893232e-02 -1.054422e-05
1.253000e+01 2.031429e+00 -9.546147e-03 4.770920e-02 -7.045260e-06
1.253000e+01 2.784068e+00 -1.040066e-02 5.315517e-02 -5.209120e-06
1.253000e+01 3.580407e+00 -9.169097e-03 4.428619e-02 -7.308334e-06
1.280000e+01 2.094395e-02 -8.242428e-05 4.176572e-04 -3.686126e-05
1.280000e+01 3.183814e-02 -1.220660e-04 5.521827e-04 -3.523741e-05
1.280000e+01 4.770840e-02 -2.203531e-04 1.091336e-03 -3.835855e-05
1.280000e+01 7.025257e-02 -5.336323e-04 2.610801e-03 -5.418215e-05
1.280000e+01 9.773653e-02 -9.913233e-04 4.825001e-03 -6.906877e-05
1.280000e+01 1.368335e-01 -1.373571e-03 6.687696e-03 -5.472438e-05
1.280000e+01 1.929536e-01 -1.965456e-03 9.522266e-03 -4.819668e-05
1.280000e+01 2.695639e-01 -2.824720e-03 1.331126e-02 -4.264244e-05
1.280000e+01 3.777252e-01 -3.795113e-03 1.754714e-02 -3.439036e-05
1.280000e+01 5.288205e-01 -4.922093e-03 2.223300e-02 -2.719762e-05
1.280000e+01 7.401737e-01 -6.034659e-03 2.697358e-02 -2.014914e-05
1.280000e+01 1.036455e+00 -6.927765e-03 3.187587e-02 -1.399026e-05
1.280000e+01 1.451071e+00 -7.649281e-03 3.801001e-02 -9.341411e-06
1.280000e+01 2.031429e+00 -8.595325e-03 4.684095e-02 -6.343533e-06
1.280000e+01 2.784068e+00 -9.469234e-03 5.207670e-02 -4.742618e-06
1.280000e+01 3.580407e+00 -8.343419e-03 4.326095e-02 -6.650219e-06
1.308000e+01 2.094395e-02 -7.131853e-05 4.012086e-04 -3.189462e-05
1.308000e+01 3.183814e-02 -1.041688e-04 5.304175e-04 -3.007094e-05
1.308000e+01 4.770840e-02 -1.878732e-04 1.048265e-03 -3.270452e-05
1.308000e+01 7.025257e-02 -4.551866e-04 2.507963e-03 -4.621720e-05
1.308000e+01 9.773653e-02 -8.430760e-04 4.634260e-03 -5.873989e-05
1.308000e+01 1.368335e-01 -1.167774e-03 6.426223e-03 -4.652524e-05
1.308000e+01 1.929536e-01 -1.675695e-03 9.148033e-03 -4.109121e-05
1.308000e+01 2.695639e-01 -2.407621e-03 1.278827e-02 -3.634584e-05
1.308000e+01 3.777252e-01 -3.235305e-03 1.686227e-02 -2.931752e-05
1.308000e+01 5.288205e-01 -4.211392e-03 2.137052e-02 -2.327055e-05
1.308000e+01 7.401737e-01 -5.189683e-03 2.597420e-02 -1.732785e-05
1.308000e+01 1.036455e+00 -6.011871e-03 3.084878e-02 -1.214066e-05
1.308000e+01 1.451071e+00 -6.748706e-03 3.713289e-02 -8.241616e-06
1.308000e+01 2.031429e+00 -7.709908e-03 4.598063e-02 -5.690076e-06
1.308000e+01 2.784068e+00 -8.569515e-03 5.102382e-02 -4.291998e-06
1.308000e+01 3.580407e+00 -7.574051e-03 4.235836e-02 -6.036984e-06
1.336000e+01 2.094395e-02 -6.114351e-05 3.857320e-04 -2.734421e-05
1.336000e+01 3.183814e-02 -8.901748e-05 5.098420e-04 -2.569713e-05
1.336000e+01 4.770840e-02 -1.601682e-04 1.007852e-03 -2.788171e-05
1.336000e+01 7.025257e-02 -3.851799e-04 2.411008e-03 -3.910909e-05
1.336000e+01 9.773653e-02 -7.129534e-04 4.455113e-03 -4.967381e-05
1.336000e+01 1.368335e-01 -9.878864e-04 6.179258e-03 -3.935833e-05
1.336000e+01 1.929536e-01 -1.421183e-03 8.796276e-03 -3.485010e-05
1.336000e+01 2.695639e-01 -2.040413e-03 1.229443e-02 -3.080242e-05
1.336000e+01 3.777252e-01 -2.748723e-03 1.621433e-02 -2.490823e-05
1.336000e+01 5.288205e-01 -3.587188e-03 2.055224e-02 -1.982144e-05
1.336000e+01 7.401737e-01 -4.445186e-03 2.503672e-02 -1.484205e-05
1.336000e+01 1.036455e+00 -5.192907e-03 2.991163e-02 -1.048681e-05
1.336000e+01 1.451071e+00 -5.921692e-03 3.631742e-02 -7.231655e-06
1.336000e+01 2.031429e+00 -6.889201e-03 4.517185e-02 -5.084377e-06
1.336000e+01 2.784068e+00 -7.701911e-03 5.000932e-02 -3.857463e-06
1.336000e+01 3.580407e+00 -6.847024e-03 4.140836e-02 -5.457500e-06
1.365000e+01 2.094395e-02 -5.172660e-05 3.706247e-04 -2.313284e-05
1.365000e+01 3.183814e-02 -7.536934e-05 4.898856e-04 -2.175725e-05
1.365000e+01 4.770840e-02 -1.352861e-04 9.682994e-04 -2.355029e-05
1.365000e+01 7.025257e-02 -3.255045e-04 2.316545e-03 -3.304998e-05
1.365000e+01 9.773653e-02 -5.993961e-04 4.280274e-03 -4.176190e-05
1.365000e+01 1.368335e-01 -8.337434e-04 5.937951e-03 -3.321713e-05
1.365000e+01 1.929536e-01 -1.198276e-03 8.451862e-03 -2.938399e-05
1.365000e+01 2.695639e-01 -1.724810e-03 1.181509e-02 -2.603801e-05
1.365000e+01 3.777252e-01 -2.322750e-03 1.557708e-02 -2.104817e-05
1.365000e+01 5.288205e-01 -3.041369e-03 1.976708e-02 -1.680545e-05
1.365000e+01 7.401737e-01 -3.780671e-03 2.411551e-02 -1.262329e-05
1.365000e+01 1.036455e+00 -4.460569e-03 2.898619e-02 -9.007888e-06
1.365000e+01 1.451071e+00 -5.172219e-03 3.552210e-02 -6.316388e-06
1.365000e+01 2.031429e+00 -6.113265e-03 4.438130e-02 -4.511720e-06
1.365000e+01 2.784068e+00 -6.911314e-03 4.898932e-02 -3.461497e-06
1.365000e+01 3.580407e+00 -6.197505e-03 4.056662e-02 -4.939793e-06
1.394000e+01 2.094395e-02 -4.385652e-05 3.564139e-04 -1.961323e-05
1.394000e+01 3.183814e-02 -6.341662e-05 4.710318e-04 -1.830680e-05
1.394000e+01 4.770840e-02 -1.138726e-04 9.310396e-04 -1.982268e-05
1.394000e+01 7.025257e-02 -2.731755e-04 2.227567e-03 -2.773677e-05
1.394000e+01 9.773653e-02 -5.016845e-04 4.115712e-03 -3.495401e-05
1.394000e+01 1.368335e-01 -7.002249e-04 5.711471e-03 -2.789763e-05
1.394000e+01 1.929536e-01 -1.007811e-03 8.126124e-03 -2.471342e-05
1.394000e+01 2.695639e-01 -1.450195e-03 1.136163e-02 -2.189238e-05
1.394000e+01 3.777252e-01 -1.953617e-03 1.497886e-02 -1.770318e-05
1.394000e+01 5.288205e-01 -2.565075e-03 1.901655e-02 -1.417363e-05
1.394000e+01 7.401737e-01 -3.197052e-03 2.326451e-02 -1.067464e-05
1.394000e+01 1.036455e+00 -3.813918e-03 2.815326e-02 -7.702009e-06
1.394000e+01 1.451071e+00 -4.502396e-03 3.480527e-02 -5.498390e-06
1.394000e+01 2.031429e+00 -5.410660e-03 4.357347e-02 -3.993182e-06
1.394000e+01 2.784068e+00 -6.179805e-03 4.802855e-02 -3.095124e-06
1.394000e+01 3.580407e+00 -5.558679e-03 3.972097e-02 -4.430609e-06
1.424000e+01 2.094395e-02 -3.687091e-05 3.425209e-04 -1.648917e-05
1.424000e+01 3.183814e-02 -5.334600e-05 4.527116e-04 -1.539966e-05
1.424000e+01 4.770840e-02 -9.437275e-05 8.945498e-04 -1.642819e-05
1.424000e+01 7.025257e-02 -2.279907e-04 2.140516e-03 -2.314895e-05
1.424000e+01 9.773653e-02 -4.173993e-04 3.954990e-03 -2.908159e-05
1.424000e+01 1.368335e-01 -5.845492e-04 5.491095e-03 -2.328900e-05
1.424000e+01 1.929536e-01 -8.421492e-04 7.809049e-03 -2.065109e-05
1.424000e+01 2.695639e-01 -1.214245e-03 1.092426e-02 -1.833045e-05
1.424000e+01 3.777252e-01 -1.633895e-03 1.439826e-02 -1.480595e-05
1.424000e+01 5.288205e-01 -2.149218e-03 1.829009e-02 -1.187576e-05
1.424000e+01 7.401737e-01 -2.693833e-03 2.244678e-02 -8.994446e-06
1.424000e+01 1.036455e+00 -3.245333e-03 2.735250e-02 -6.553782e-06
1.424000e+01 1.451071e+00 -3.892410e-03 3.406828e-02 -4.753467e-06
1.424000e+01 2.031429e+00 -4.744828e-03 4.279054e-02 -3.501784e-06
1.424000e+01 2.784068e+00 -5.474300e-03 4.702729e-02 -2.741775e-06
1.424000e+01 3.580407e+00 -4.962881e-03 3.893853e-02 -3.955721e-06
1.454000e+01 2.094395e-02 -3.094951e-05 3.294153e-04 -1.384104e-05
1.454000e+01 3.183814e-02 -4.430599e-05 4.354296e-04 -1.279004e-05
1.454000e+01 4.770840e-02 -7.863031e-05 8.602152e-04 -1.368778e-05
1.454000e+01 7.025257e-02 -1.894176e-04 2.058559e-03 -1.923244e-05
1.454000e+01 9.773653e-02 -3.455031e-04 3.803859e-03 -2.407234e-05
1.454000e+01 1.368335e-01 -4.876639e-04 5.281306e-03 -1.942899e-05
1.454000e+01 1.929536e-01 -7.007678e-04 7.508481e-03 -1.718415e-05
1.454000e+01 2.695639e-01 -1.012371e-03 1.050781e-02 -1.528292e-05
1.454000e+01 3.777252e-01 -1.363108e-03 1.385181e-02 -1.235214e-05
1.454000e+01 5.288205e-01 -1.795371e-03 1.760910e-02 -9.920541e-06
1.454000e+01 7.401737e-01 -2.260382e-03 2.168644e-02 -7.547195e-06
1.454000e+01 1.036455e+00 -2.749639e-03 2.660279e-02 -5.552753e-06
1.454000e+01 1.451071e+00 -3.345983e-03 3.343439e-02 -4.086162e-06
1.454000e+01 2.031429e+00 -4.141424e-03 4.197706e-02 -3.056459e-06
1.454000e+01 2.784068e+00 -4.820227e-03 4.608841e-02 -2.414186e-06
1.454000e+01 3.580407e+00 -4.362750e-03 3.811632e-02 -3.477380e-06
1.485000e+01 2.094395e-02 -2.581546e-05 3.166444e-04 -1.154503e-05
1.485000e+01 3.183814e-02 -3.658496e-05 4.185035e-04 -1.056117e-05
1.485000e+01 4.770840e-02 -6.479334e-05 8.266553e-04 -1.127907e-05
1.485000e+01 7.025257e-02 -1.565752e-04 1.978157e-03 -1.589780e-05
1.485000e+01 9.773653e-02 -2.859095e-04 3.656725e-03 -1.992026e-05
1.485000e+01 1.368335e-01 -4.026933e-04 5.078154e-03 -1.604368e-05
1.485000e+01 1.929536e-01 -5.809900e-04 7.219327e-03 -1.424697e-05
1.485000e+01 2.695639e-01 -8.387455e-04 1.010035e-02 -1.266184e-05
1.485000e+01 3.777252e-01 -1.132367e-03 1.331848e-02 -1.026122e-05
1.485000e+01 5.288205e-01 -1.492329e-03 1.694211e-02 -8.246044e-06
1.485000e+01 7.401737e-01 -1.882157e-03 2.094785e-02 -6.284339e-06
1.485000e+01 1.036455e+00 -2.311825e-03 2.587130e-02 -4.668611e-06
1.485000e+01 1.451071e+00 -2.851313e-03 3.275894e-02 -3.482064e-06
1.485000e+01 2.031429e+00 -3.593037e-03 4.118536e-02 -2.651738e-06
1.485000e+01 2.784068e+00 -4.212899e-03 4.516237e-02 -2.110009e-06
1.485000e+01 3.580407e+00 -3.828284e-03 3.733409e-02 -3.051377e-06
1.517000e+01 2.094395e-02 -2.142664e-05 3.042167e-04 -9.582285e-06
1.517000e+01 3.183814e-02 -2.999982e-05 4.020020e-04 -8.660202e-06
1.517000e+01 4.770840e-02 -5.344017e-05 7.941527e-04 -9.302740e-06
1.517000e+01 7.025257e-02 -1.296357e-04 1.900308e-03 -1.316251e-05
1.517000e+01 9.773653e-02 -2.352977e-04 3.513026e-03 -1.639397e-05
1.517000e+01 1.368335e-01 -3.314526e-04 4.878847e-03 -1.320539e-05
1.517000e+01 1.929536e-01 -4.789133e-04 6.937366e-03 -1.174386e-05
1.517000e+01 2.695639e-01 -6.901191e-04 9.703078e-03 -1.041815e-05
1.517000e+01 3.777252e-01 -9.327087e-04 1.280140e-02 -8.451972e-06
1.517000e+01 5.288205e-01 -1.232603e-03 1.629746e-02 -6.810895e-06
1.517000e+01 7.401737e-01 -1.561873e-03 2.024961e-02 -5.214941e-06
1.517000e+01 1.036455e+00 -1.940283e-03 2.520013e-02 -3.918300e-06
1.517000e+01 1.451071e+00 -2.423535e-03 3.213084e-02 -2.959656e-06
1.517000e+01 2.031429e+00 -3.092715e-03 4.041811e-02 -2.282490e-06
1.517000e+01 2.784068e+00 -3.657033e-03 4.423784e-02 -1.831607e-06
1.517000e+01 3.580407e+00 -3.312512e-03 3.656623e-02 -2.640276e-06
1.549000e+01 2.094395e-02 -1.802810e-05 2.925211e-04 -8.062413e-06
1.549000e+01 3.183814e-02 -2.448619e-05 3.865236e-04 -7.068556e-06
1.549000e+01 4.770840e-02 -4.355342e-05 7.634664e-04 -7.581678e-06
1.549000e+01 7.025257e-02 -1.066438e-04 1.827066e-03 -1.082804e-05
1.549000e+01 9.773653e-02 -1.913745e-04 3.377438e-03 -1.333369e-05
1.549000e+01 1.368335e-01 -2.716429e-04 4.690970e-03 -1.082251e-05
1.549000e+01 1.929536e-01 -3.920166e-04 6.669777e-03 -9.612986e-06
1.549000e+01 2.695639e-01 -5.664302e-04 9.328096e-03 -8.550926e-06
1.549000e+01 3.777252e-01 -7.651393e-04 1.231265e-02 -6.933501e-06
1.549000e+01 5.288205e-01 -1.014808e-03 1.570098e-02 -5.607445e-06
1.549000e+01 7.401737e-01 -1.289582e-03 1.958247e-02 -4.305789e-06
1.549000e+01 1.036455e+00 -1.616953e-03 2.456241e-02 -3.265352e-06
1.549000e+01 1.451071e+00 -2.052205e-03 3.151261e-02 -2.506182e-06
1.549000e+01 2.031429e+00 -2.658371e-03 3.968796e-02 -1.961934e-06
1.549000e+01 2.784068e+00 -3.159191e-03 4.333230e-02 -1.582265e-06
1.549000e+01 3.580407e+00 -2.892237e-03 3.585534e-02 -2.305290e-06
1.582000e+01 2.094395e-02 -1.497873e-05 2.811483e-04 -6.698694e-06
1.582000e+01 3.183814e-02 -2.015532e-05 3.714741e-04 -5.818339e-06
1.582000e+01 4.770840e-02 -3.615436e-05 7.337999e-04 -6.293666e-06
1.582000e+01 7.025257e-02 -8.586947e-05 1.755908e-03 -8.718724e-06
1.582000e+01 9.773653e-02 -1.557273e-04 3.245953e-03 -1.085003e-05
1.582000e+01 1.368335e-01 -2.200825e-04 4.506840e-03 -8.768297e-06
1.582000e+01 1.929536e-01 -3.197525e-04 6.411292e-03 -7.840934e-06
1.582000e+01 2.695639e-01 -4.616093e-04 8.963219e-03 -6.968531e-06
1.582000e+01 3.777252e-01 -6.236716e-04 1.184219e-02 -5.651555e-06
1.582000e+01 5.288205e-01 -8.289457e-04 1.511776e-02 -4.580440e-06
1.582000e+01 7.401737e-01 -1.061094e-03 1.894002e-02 -3.542891e-06
1.582000e+01 1.036455e+00 -1.341283e-03 2.393261e-02 -2.708651e-06
1.582000e+01 1.451071e+00 -1.720931e-03 3.090319e-02 -2.101625e-06
1.582000e+01 2.031429e+00 -2.265335e-03 3.892954e-02 -1.671865e-06
1.582000e+01 2.784068e+00 -2.717608e-03 4.241849e-02 -1.361100e-06
1.582000e+01 3.580407e+00 -2.517273e-03 3.514599e-02 -2.006422e-06
1.616000e+01 2.094395e-02 -1.228388e-05 2.701047e-04 -5.493518e-06
1.616000e+01 3.183814e-02 -1.635715e-05 3.568813e-04 -4.721902e-06
1.616000e+01 4.770840e-02 -2.944356e-05 7.050154e-04 -5.125467e-06
1.616000e+01 7.025257e-02 -6.951628e-05 1.687133e-03 -7.058309e-06
1.616000e+01 9.773653e-02 -1.251662e-04 3.118102e-03 -8.720744e-06
1.616000e+01 1.368335e-01 -1.775320e-04 4.328716e-03 -7.073045e-06
1.616000e+01 1.929536e-01 -2.593104e-04 6.161846e-03 -6.358780e-06
1.616000e+01 2.695639e-01 -3.719250e-04 8.611806e-03 -5.614642e-06
1.616000e+01 3.777252e-01 -5.035973e-04 1.138869e-02 -4.563472e-06
1.616000e+01 5.288205e-01 -6.734500e-04 1.455956e-02 -3.721229e-06
1.616000e+01 7.401737e-01 -8.676456e-04 1.831672e-02 -2.896984e-06
1.616000e+01 1.036455e+00 -1.104657e-03 2.334211e-02 -2.230798e-06
1.616000e+01 1.451071e+00 -1.441162e-03 3.033781e-02 -1.759968e-06
1.616000e+01 2.031429e+00 -1.918169e-03 3.816547e-02 -1.415650e-06
1.616000e+01 2.784068e+00 -2.326671e-03 4.154231e-02 -1.165301e-06
1.616000e+01 3.580407e+00 -2.142387e-03 3.445806e-02 -1.707614e-06
1.650000e+01 2.094395e-02 -1.005946e-05 2.597050e-04 -4.498725e-06
1.650000e+01 3.183814e-02 -1.305349e-05 3.430977e-04 -3.768217e-06
1.650000e+01 4.770840e-02 -2.420881e-05 6.778157e-04 -4.214213e-06
1.650000e+01 7.025257e-02 -5.537301e-05 1.622482e-03 -5.622277e-06
1.650000e+01 9.773653e-02 -1.004419e-04 2.997477e-03 -6.998117e-06
1.650000e+01 1.368335e-01 -1.422790e-04 4.161741e-03 -5.668531e-06
1.650000e+01 1.929536e-01 -2.080039e-04 5.927094e-03 -5.100649e-06
1.650000e+01 2.695639e-01 -2.987532e-04 8.280023e-03 -4.510028e-06
1.650000e+01 3.777252e-01 -4.050352e-04 1.096019e-02 -3.670327e-06
1.650000e+01 5.288205e-01 -5.427040e-04 1.403858e-02 -2.998777e-06
1.650000e+01 7.401737e-01 -7.028031e-04 1.773436e-02 -2.346591e-06
1.650000e+01 1.036455e+00 -9.035636e-04 2.279694e-02 -1.824700e-06
1.650000e+01 1.451071e+00 -1.193277e-03 2.979793e-02 -1.457247e-06
1.650000e+01 2.031429e+00 -1.607576e-03 3.741931e-02 -1.186425e-06
1.650000e+01 2.784068e+00 -1.966751e-03 4.068713e-02 -9.850374e-07
1.650000e+01 3.580407e+00 -1.820891e-03 3.388763e-02 -1.451362e-06
1.685000e+01 2.094395e-02 -7.929833e-06 2.496030e-04 -3.546329e-06
1.685000e+01 3.183814e-02 -1.021559e-05 3.296992e-04 -2.948987e-06
1.685000e+01 4.770840e-02 -1.918938e-05 6.514965e-04 -3.340443e-06
1.685000e+01 7.025257e-02 -4.385679e-05 1.559679e-03 -4.452982e-06
1.685000e+01 9.773653e-02 -8.008668e-05 2.880175e-03 -5.579904e-06
1.685000e+01 1.368335e-01 -1.127053e-04 3.998748e-03 -4.490288e-06
1.685000e+01 1.929536e-01 -1.642639e-04 5.697003e-03 -4.028060e-06
1.685000e+01 2.695639e-01 -2.366436e-04 7.956110e-03 -3.572412e-06
1.685000e+01 3.777252e-01 -3.222206e-04 1.054983e-02 -2.919882e-06
1.685000e+01 5.288205e-01 -4.318162e-04 1.353353e-02 -2.386053e-06
1.685000e+01 7.401737e-01 -5.628611e-04 1.718009e-02 -1.879339e-06
1.685000e+01 1.036455e+00 -7.305569e-04 2.227697e-02 -1.475322e-06
1.685000e+01 1.451071e+00 -9.767867e-04 2.925474e-02 -1.192866e-06
1.685000e+01 2.031429e+00 -1.331901e-03 3.667697e-02 -9.829716e-07
1.685000e+01 2.784068e+00 -1.641006e-03 3.987292e-02 -8.218894e-07
1.685000e+01 3.580407e+00 -1.522070e-03 3.327030e-02 -1.213183e-06
1.721000e+01 2.094395e-02 -6.384760e-06 2.398080e-04 -2.855351e-06
1.721000e+01 3.183814e-02 -8.004624e-06 3.167275e-04 -2.310736e-06
1.721000e+01 4.770840e-02 -1.475721e-05 6.260856e-04 -2.568900e-06
1.721000e+01 7.025257e-02 -3.482880e-05 1.498820e-03 -3.536329e-06
1.721000e+01 9.773653e-02 -6.259211e-05 2.767150e-03 -4.360999e-06
1.721000e+01 1.368335e-01 -8.914544e-05 3.840945e-03 -3.551639e-06
1.721000e+01 1.929536e-01 -1.296855e-04 5.474058e-03 -3.180133e-06
1.721000e+01 2.695639e-01 -1.869608e-04 7.643915e-03 -2.822392e-06
1.721000e+01 3.777252e-01 -2.540575e-04 1.014977e-02 -2.302206e-06
1.721000e+01 5.288205e-01 -3.419376e-04 1.305008e-02 -1.889418e-06
1.721000e+01 7.401737e-01 -4.468082e-04 1.663885e-02 -1.491849e-06
1.721000e+01 1.036455e+00 -5.857092e-04 2.177401e-02 -1.182809e-06
1.721000e+01 1.451071e+00 -7.948840e-04 2.872132e-02 -9.707237e-07
1.721000e+01 2.031429e+00 -1.096675e-03 3.594225e-02 -8.093695e-07
1.721000e+01 2.784068e+00 -1.362151e-03 3.906874e-02 -6.822264e-07
1.721000e+01 3.580407e+00 -1.270246e-03 3.266536e-02 -1.012464e-06
1.757000e+01 2.094395e-02 -5.182676e-06 2.305727e-04 -2.317763e-06
1.757000e+01 3.183814e-02 -6.231540e-06 3.045379e-04 -1.798891e-06
1.757000e+01 4.770840e-02 -1.149492e-05 6.020007e-04 -2.001008e-06
1.757000e+01 7.025257e-02 -2.695579e-05 1.441136e-03 -2.736946e-06
1.757000e+01 9.773653e-02 -4.901508e-05 2.660752e-03 -3.415042e-06
1.757000e+01 1.368335e-01 -7.018285e-05 3.693062e-03 -2.796152e-06
1.757000e+01 1.929536e-01 -1.017564e-04 5.263489e-03 -2.495258e-06
1.757000e+01 2.695639e-01 -1.468677e-04 7.349386e-03 -2.217140e-06
1.757000e+01 3.777252e-01 -1.999544e-04 9.771621e-03 -1.811936e-06
1.757000e+01 5.288205e-01 -2.700479e-04 1.259417e-02 -1.492182e-06
1.757000e+01 7.401737e-01 -3.538142e-04 1.613191e-02 -1.181351e-06
1.757000e+01 1.036455e+00 -4.685124e-04 2.130976e-02 -9.461365e-07
1.757000e+01 1.451071e+00 -6.441273e-04 2.820110e-02 -7.866174e-07
1.757000e+01 2.031429e+00 -8.945435e-04 3.520750e-02 -6.601921e-07
1.757000e+01 2.784068e+00 -1.123492e-03 3.829586e-02 -5.626951e-07
1.757000e+01 3.580407e+00 -1.047970e-03 3.216135e-02 -8.352965e-07
1.794000e+01 2.094395e-02 -4.113170e-06 2.216339e-04 -1.839466e-06
1.794000e+01 3.183814e-02 -4.902946e-06 2.927437e-04 -1.415359e-06
1.794000e+01 4.770840e-02 -9.159567e-06 5.786761e-04 -1.594476e-06
1.794000e+01 7.025257e-02 -2.124604e-05 1.385552e-03 -2.157209e-06
1.794000e+01 9.773653e-02 -3.815104e-05 2.557944e-03 -2.658109e-06
1.794000e+01 1.368335e-01 -5.467125e-05 3.550752e-03 -2.178155e-06
1.794000e+01 1.929536e-01 -7.909038e-05 5.060843e-03 -1.939445e-06
1.794000e+01 2.695639e-01 -1.148977e-04 7.066746e-03 -1.734515e-06
1.794000e+01 3.777252e-01 -1.562336e-04 9.408281e-03 -1.415750e-06
1.794000e+01 5.288205e-01 -2.121545e-04 1.215478e-02 -1.172285e-06
1.794000e+01 7.401737e-01 -2.791443e-04 1.565948e-02 -9.320358e-07
1.794000e+01 1.036455e+00 -3.734218e-04 2.086983e-02 -7.541059e-07
1.794000e+01 1.451071e+00 -5.192783e-04 2.770065e-02 -6.341501e-07
1.794000e+01 2.031429e+00 -7.261477e-04 3.449131e-02 -5.359124e-07
1.794000e+01 2.784068e+00 -9.165086e-04 3.752921e-02 -4.590287e-07
1.794000e+01 3.580407e+00 -8.548712e-04 3.167974e-02 -6.813850e-07
1.832000e+01 2.094395e-02 -9.658415e-09 2.129935e-04 -4.319374e-09
1.832000e+01 3.183814e-02 -1.392919e-08 2.812839e-04 -4.021010e-09
1.832000e+01 4.770840e-02 -2.185957e-08 5.561374e-04 -3.805263e-09
1.832000e+01 7.025257e-02 -4.379250e-08 1.331667e-03 -4.446455e-09
1.832000e+01 9.773653e-02 -6.746684e-08 2.458058e-03 -4.700637e-09
1.832000e+01 1.368335e-01 -6.435274e-08 3.413249e-03 -2.563875e-09
1.832000e+01 1.929536e-01 -5.678025e-08 4.864878e-03 -1.392359e-09
1.832000e+01 2.695639e-01 -3.522379e-08 6.792337e-03 -5.317442e-10
1.832000e+01 3.777252e-01 5.134240e-09 9.056350e-03 4.652519e-11
1.832000e+01 5.288205e-01 4.842219e-08 1.173123e-02 2.675627e-10
1.832000e+01 7.401737e-01 8.565658e-08 1.520296e-02 2.859990e-10
1.832000e+01 1.036455e+00 9.719788e-08 2.045152e-02 1.962861e-10
1.832000e+01 1.451071e+00 7.231590e-08 2.718877e-02 8.831321e-11
1.832000e+01 2.031429e+00 3.589891e-08 3.377986e-02 2.649415e-11
1.832000e+01 2.784068e+00 1.492427e-08 3.678366e-02 7.474745e-12
1.832000e+01 3.580407e+00 4.847698e-09 3.118789e-02 3.863913e-12
1.871000e+01 2.094395e-02 -6.793991e-09 2.046277e-04 -3.038365e-09
1.871000e+01 3.183814e-02 -1.000875e-08 2.702468e-04 -2.889278e-09
1.871000e+01 4.770840e-02 -1.547102e-08 5.343387e-04 -2.693159e-09
1.871000e+01 7.025257e-02 -3.055678e-08 1.279746e-03 -3.102571e-09
1.871000e+01 9.773653e-02 -4.639599e-08 2.361406e-03 -3.232562e-09
1.871000e+01 1.368335e-01 -4.233071e-08 3.279717e-03 -1.686496e-09
1.871000e+01 1.929536e-01 -3.344082e-08 4.675541e-03 -8.200319e-10
1.871000e+01 2.695639e-01 -1.290002e-08 6.529837e-03 -1.947409e-10
1.871000e+01 3.777252e-01 2.314440e-08 8.717912e-03 2.097287e-10
1.871000e+01 5.288205e-01 6.124016e-08 1.131546e-02 3.383899e-10
1.871000e+01 7.401737e-01 9.281328e-08 1.477225e-02 3.098945e-10
1.871000e+01 1.036455e+00 1.004626e-07 2.004681e-02 2.028791e-10
1.871000e+01 1.451071e+00 7.449173e-08 2.670555e-02 9.097036e-11
1.871000e+01 2.031429e+00 3.730475e-08 3.307114e-02 2.753170e-11
1.871000e+01 2.784068e+00 1.561951e-08 3.604865e-02 7.822950e-12
1.871000e+01 3.580407e+00 5.374930e-09 3.070965e-02 4.284150e-12
1.910000e+01 2.094395e-02 -4.508643e-09 1.967487e-04 -2.016327e-09
1.910000e+01 3.183814e-02 -6.850445e-09 2.598017e-04 -1.977553e-09
1.910000e+01 4.770840e-02 -1.028922e-08 5.137904e-04 -1.791123e-09
1.910000e+01 7.025257e-02 -1.981351e-08 1.230639e-03 -2.011757e-09
1.910000e+01 9.773653e-02 -2.930247e-08 2.270840e-03 -2.041600e-09
1.910000e+01 1.368335e-01 -2.424870e-08 3.153598e-03 -9.660912e-10
1.910000e+01 1.929536e-01 -1.434766e-08 4.497122e-03 -3.518317e-10
1.910000e+01 2.695639e-01 5.383044e-09 6.281509e-03 8.126333e-11
1.910000e+01 3.777252e-01 3.765635e-08 8.400079e-03 3.412324e-10
1.910000e+01 5.288205e-01 7.119875e-08 1.093131e-02 3.934173e-10
1.910000e+01 7.401737e-01 9.782563e-08 1.437487e-02 3.266303e-10
1.910000e+01 1.036455e+00 1.019671e-07 1.965031e-02 2.059173e-10
1.910000e+01 1.451071e+00 7.550718e-08 2.620473e-02 9.221044e-11
1.910000e+01 2.031429e+00 3.788985e-08 3.239642e-02 2.796351e-11
1.910000e+01 2.784068e+00 1.567418e-08 3.537217e-02 7.850334e-12
1.910000e+01 3.580407e+00 5.098565e-09 3.026028e-02 4.063870e-12
1.951000e+01 2.094395e-02 -2.731782e-09 1.889387e-04 -1.221690e-09
1.951000e+01 3.183814e-02 -4.371530e-09 2.494976e-04 -1.261952e-09
1.951000e+01 4.770840e-02 -6.223074e-09 4.934211e-04 -1.083298e-09
1.951000e+01 7.025257e-02 -1.143229e-08 1.181869e-03 -1.160773e-09
1.951000e+01 9.773653e-02 -1.585584e-08 2.181245e-03 -1.104729e-09
1.951000e+01 1.368335e-01 -9.961290e-09 3.028632e-03 -3.968673e-10
1.951000e+01 1.929536e-01 7.008313e-10 4.320521e-03 1.718571e-11
1.951000e+01 2.695639e-01 1.996667e-08 6.037620e-03 3.014202e-10
1.951000e+01 3.777252e-01 4.895065e-08 8.081758e-03 4.435785e-10
1.951000e+01 5.288205e-01 7.850238e-08 1.055127e-02 4.337744e-10
1.951000e+01 7.401737e-01 1.007407e-07 1.398461e-02 3.363635e-10
1.951000e+01 1.036455e+00 1.021996e-07 1.925678e-02 2.063868e-10
1.951000e+01 1.451071e+00 7.540246e-08 2.569767e-02 9.208256e-11
1.951000e+01 2.031429e+00 3.778834e-08 3.171067e-02 2.788860e-11
1.951000e+01 2.784068e+00 1.522171e-08 3.469570e-02 7.623717e-12
1.951000e+01 3.580407e+00 4.686721e-09 2.987453e-02 3.735605e-12
1.992000e+01 2.094395e-02 -1.441714e-09 1.815624e-04 -6.447541e-10
1.992000e+01 3.183814e-02 -2.469948e-09 2.398097e-04 -7.130127e-10
1.992000e+01 4.770840e-02 -3.148977e-09 4.742266e-04 -5.481666e-10
1.992000e+01 7.025257e-02 -4.972743e-09 1.135648e-03 -5.049056e-10
1.992000e+01 9.773653e-02 -5.410829e-09 2.096287e-03 -3.769903e-10
1.992000e+01 1.368335e-01 1.100868e-09 2.911398e-03 4.385964e-11
1.992000e+01 1.929536e-01 1.245156e-08 4.152649e-03 3.053358e-10
1.992000e+01 2.695639e-01 3.110891e-08 5.808710e-03 4.696253e-10
1.992000e+01 3.777252e-01 5.730788e-08 7.784039e-03 5.193096e-10
1.992000e+01 5.288205e-01 8.351699e-08 1.019852e-02 4.614832e-10
1.992000e+01 7.401737e-01 1.021134e-07 1.362914e-02 3.409466e-10
1.992000e+01 1.036455e+00 1.015268e-07 1.888785e-02 2.050281e-10
1.992000e+01 1.451071e+00 7.492139e-08 2.519880e-02 9.149507e-11
1.992000e+01 2.031429e+00 3.714417e-08 3.105409e-02 2.741319e-11
1.992000e+01 2.784068e+00 1.439509e-08 3.405148e-02 7.209707e-12
1.992000e+01 3.580407e+00 4.111676e-09 2.942842e-02 3.277258e-12
2.034000e+01 2.094395e-02 -4.129761e-10 1.744666e-04 -1.846885e-10
2.034000e+01 3.183814e-02 -1.041448e-09 2.304851e-04 -3.006402e-10
2.034000e+01 4.770840e-02 -8.282523e-10 4.558101e-04 -1.441802e-10
2.034000e+01 7.025257e-02 -1.349757e-10 1.091101e-03 -1.370470e-11
2.034000e+01 9.773653e-02 2.274109e-09 2.014977e-03 1.584447e-10
2.034000e+01 1.368335e-01 9.443844e-09 2.798627e-03 3.762518e-10
2.034000e+01 1.929536e-01 2.118838e-08 3.991652e-03 5.195790e-10
2.034000e+01 2.695639e-01 3.933806e-08 5.588185e-03 5.938540e-10
2.034000e+01 3.777252e-01 6.319426e-08 7.499087e-03 5.726505e-10
2.034000e+01 5.288205e-01 8.649203e-08 9.864871e-03 4.779222e-10
2.034000e+01 7.401737e-01 1.019966e-07 1.329299e-02 3.405566e-10
2.034000e+01 1.036455e+00 9.979677e-08 1.852883e-02 2.015344e-10
2.034000e+01 1.451071e+00 7.359522e-08 2.469842e-02 8.987553e-11
2.034000e+01 2.031429e+00 3.593721e-08 3.037803e-02 2.652243e-11
2.034000e+01 2.784068e+00 1.330495e-08 3.342285e-02 6.663715e-12
2.034000e+01 3.580407e+00 3.494300e-09 2.910894e-02 2.785172e-12
2.076000e+01 2.094395e-02 2.696920e-10 1.677750e-04 1.206099e-10
2.076000e+01 3.183814e-02 -3.314946e-13 2.216736e-04 -9.569426e-14
2.076000e+01 4.770840e-02 8.605260e-10 4.384169e-04 1.497984e-10
2.076000e+01 7.025257e-02 3.402297e-09 1.049242e-03 3.454509e-10
2.076000e+01 9.773653e-02 8.102517e-09 1.938552e-03 5.645291e-10
2.076000e+01 1.368335e-01 1.548893e-08 2.692138e-03 6.170938e-10
2.076000e+01 1.929536e-01 2.743908e-08 3.840061e-03 6.728579e-10
2.076000e+01 2.695639e-01 4.500995e-08 5.377343e-03 6.794778e-10
2.076000e+01 3.777252e-01 6.690391e-08 7.231878e-03 6.062664e-10
2.076000e+01 5.288205e-01 8.780369e-08 9.551146e-03 4.851699e-10
2.076000e+01 7.401737e-01 1.007583e-07 1.297398e-02 3.364222e-10
2.076000e+01 1.036455e+00 9.736703e-08 1.818925e-02 1.966277e-10
2.076000e+01 1.451071e+00 7.173328e-08 2.420631e-02 8.760171e-11
2.076000e+01 2.031429e+00 3.443105e-08 2.974852e-02 2.541085e-11
2.076000e+01 2.784068e+00 1.197754e-08 3.283547e-02 5.998891e-12
2.076000e+01 3.580407e+00 3.075605e-09 2.876302e-02 2.451446e-12
2.120000e+01 2.094395e-02 7.826089e-10 1.611771e-04 3.499933e-10
2.120000e+01 3.183814e-02 7.371742e-10 2.129820e-04 2.128039e-10
2.120000e+01 4.770840e-02 2.037564e-09 4.212741e-04 3.546943e-10
2.120000e+01 7.025257e-02 5.853774e-09 1.007809e-03 5.943606e-10
2.120000e+01 9.773653e-02 1.213893e-08 1.862860e-03 8.457594e-10
2.120000e+01 1.368335e-01 1.966132e-08 2.586823e-03 7.833256e-10
2.120000e+01 1.929536e-01 3.176866e-08 3.689817e-03 7.790274e-10
2.120000e+01 2.695639e-01 4.866008e-08 5.170993e-03 7.345807e-10
2.120000e+01 3.777252e-01 6.884930e-08 6.968191e-03 6.238951e-10
2.120000e+01 5.288205e-01 8.762984e-08 9.242914e-03 4.842093e-10
2.120000e+01 7.401737e-01 9.857782e-08 1.266302e-02 3.291417e-10
2.120000e+01 1.036455e+00 9.406662e-08 1.783801e-02 1.899627e-10
2.120000e+01 1.451071e+00 6.944532e-08 2.371839e-02 8.480761e-11
2.120000e+01 2.031429e+00 3.255236e-08 2.913022e-02 2.402433e-11
2.120000e+01 2.784068e+00 1.002730e-08 3.221822e-02 5.022124e-12
2.120000e+01 3.580407e+00 2.247957e-09 2.840055e-02 1.791760e-12
2.164000e+01 2.094395e-02 1.118845e-09 1.549754e-04 5.003628e-10
2.164000e+01 3.183814e-02 1.240379e-09 2.048317e-04 3.580666e-10
2.164000e+01 4.770840e-02 2.841219e-09 4.050709e-04 4.945928e-10
2.164000e+01 7.025257e-02 7.498845e-09 9.691350e-04 7.613924e-10
2.164000e+01 9.773653e-02 1.478085e-08 1.791315e-03 1.029831e-09
2.164000e+01 1.368335e-01 2.226033e-08 2.488652e-03 8.868728e-10
2.164000e+01 1.929536e-01 3.429486e-08 3.548235e-03 8.409747e-10
2.164000e+01 2.695639e-01 5.066244e-08 4.981106e-03 7.648087e-10
2.164000e+01 3.777252e-01 6.930601e-08 6.721164e-03 6.280337e-10
2.164000e+01 5.288205e-01 8.634200e-08 8.960204e-03 4.770932e-10
2.164000e+01 7.401737e-01 9.559168e-08 1.237706e-02 3.191713e-10
2.164000e+01 1.036455e+00 9.041404e-08 1.750653e-02 1.825865e-10
2.164000e+01 1.451071e+00 6.707079e-08 2.323224e-02 8.190781e-11
2.164000e+01 2.031429e+00 3.079251e-08 2.853246e-02 2.272553e-11
2.164000e+01 2.784068e+00 7.017394e-09 3.168578e-02 3.514626e-12
2.164000e+01 3.580407e+00 9.392071e-10 2.812409e-02 7.486058e-13
2.209000e+01 2.094395e-02 1.324348e-09 1.489941e-04 5.922663e-10
2.209000e+01 3.183814e-02 1.567847e-09 1.969408e-04 4.525984e-10
2.209000e+01 4.770840e-02 3.353319e-09 3.894510e-04 5.837379e-10
2.209000e+01 7.025257e-02 8.522278e-09 9.315372e-04 8.653063e-10
2.209000e+01 9.773653e-02 1.621628e-08 1.722410e-03 1.129842e-09
2.209000e+01 1.368335e-01 2.380397e-08 2.393795e-03 9.483727e-10
2.209000e+01 1.929536e-01 3.546628e-08 3.413567e-03 8.697000e-10
2.209000e+01 2.695639e-01 5.127242e-08 4.794480e-03 7.740171e-10
2.209000e+01 3.777252e-01 6.856594e-08 6.484049e-03 6.213273e-10
2.209000e+01 5.288205e-01 8.420544e-08 8.698919e-03 4.652874e-10
2.209000e+01 7.401737e-01 9.203281e-08 1.209543e-02 3.072886e-10
2.209000e+01 1.036455e+00 8.635782e-08 1.717895e-02 1.743951e-10
2.209000e+01 1.451071e+00 6.423487e-08 2.275726e-02 7.844454e-11
2.209000e+01 2.031429e+00 2.894224e-08 2.794637e-02 2.135999e-11
2.209000e+01 2.784068e+00 3.976665e-09 3.115975e-02 1.991693e-12
2.209000e+01 3.580407e+00 -4.192210e-10 2.782668e-02 -3.341449e-13
2.256000e+01 2.094395e-02 1.395276e-09 1.431370e-04 6.239862e-10
2.256000e+01 3.183814e-02 1.758602e-09 1.892640e-04 5.076645e-10
2.256000e+01 4.770840e-02 3.672648e-09 3.741053e-04 6.393260e-10
2.256000e+01 7.025257e-02 9.060724e-09 8.948665e-04 9.199771e-10
2.256000e+01 9.773653e-02 1.730972e-08 1.653989e-03 1.206025e-09
2.256000e+01 1.368335e-01 2.453304e-08 2.300890e-03 9.774198e-10
2.256000e+01 1.929536e-01 3.583426e-08 3.280842e-03 8.787237e-10
2.256000e+01 2.695639e-01 5.091638e-08 4.612398e-03 7.686422e-10
2.256000e+01 3.777252e-01 6.698311e-08 6.251412e-03 6.069841e-10
2.256000e+01 5.288205e-01 8.127345e-08 8.442269e-03 4.490863e-10
2.256000e+01 7.401737e-01 8.799273e-08 1.182788e-02 2.937992e-10
2.256000e+01 1.036455e+00 8.192905e-08 1.683976e-02 1.654515e-10
2.256000e+01 1.451071e+00 6.108037e-08 2.229105e-02 7.459222e-11
2.256000e+01 2.031429e+00 2.710718e-08 2.735707e-02 2.000568e-11
2.256000e+01 2.784068e+00 1.117046e-09 3.062898e-02 5.594667e-13
2.256000e+01 3.580407e+00 -1.607158e-09 2.754498e-02 -1.281004e-12
2.303000e+01 2.094395e-02 1.462506e-09 1.376002e-04 6.540524e-10
2.303000e+01 3.183814e-02 1.851457e-09 1.820712e-04 5.344697e-10
2.303000e+01 4.770840e-02 3.782374e-09 3.596437e-04 6.584269e-10
2.303000e+01 7.025257e-02 9.254820e-09 8.603230e-04 9.396846e-10
2.303000e+01 9.773653e-02 1.743902e-08 1.589276e-03 1.215034e-09
2.303000e+01 1.368335e-01 2.454664e-08 2.213233e-03 9.779616e-10
2.303000e+01 1.929536e-01 3.540301e-08 3.155731e-03 8.681487e-10
2.303000e+01 2.695639e-01 4.973604e-08 4.441016e-03 7.508236e-10
2.303000e+01 3.777252e-01 6.472209e-08 6.032740e-03 5.864953e-10
2.303000e+01 5.288205e-01 7.792339e-08 8.206365e-03 4.305751e-10
2.303000e+01 7.401737e-01 8.359977e-08 1.157092e-02 2.791315e-10
2.303000e+01 1.036455e+00 7.724653e-08 1.652762e-02 1.559954e-10
2.303000e+01 1.451071e+00 5.771894e-08 2.183492e-02 7.048719e-11
2.303000e+01 2.031429e+00 2.575544e-08 2.679379e-02 1.900806e-11
2.303000e+01 2.784068e+00 -4.867198e-12 3.013029e-02 -2.437712e-15
2.303000e+01 3.580407e+00 -2.224386e-09 2.738873e-02 -1.772973e-12
2.351000e+01 2.094395e-02 1.463320e-09 1.323031e-04 6.544164e-10
2.351000e+01 3.183814e-02 1.876734e-09 1.751521e-04 5.417666e-10
2.351000e+01 4.770840e-02 3.770350e-09 3.456162e-04 6.563337e-10
2.351000e+01 7.025257e-02 9.208247e-09 8.269515e-04 9.349559e-10
2.351000e+01 9.773653e-02 1.698431e-08 1.526814e-03 1.183353e-09
2.351000e+01 1.368335e-01 2.392083e-08 2.129577e-03 9.530285e-10
2.351000e+01 1.929536e-01 3.440047e-08 3.035599e-03 8.435644e-10
2.351000e+01 2.695639e-01 4.799302e-08 4.277665e-03 7.245106e-10
2.351000e+01 3.777252e-01 6.195399e-08 5.825828e-03 5.614115e-10
2.351000e+01 5.288205e-01 7.416983e-08 7.983314e-03 4.098344e-10
2.351000e+01 7.401737e-01 7.902824e-08 1.132458e-02 2.638676e-10
2.351000e+01 1.036455e+00 7.237346e-08 1.621871e-02 1.461544e-10
2.351000e+01 1.451071e+00 5.396793e-08 2.137449e-02 6.590640e-11
2.351000e+01 2.031429e+00 2.535925e-08 2.624671e-02 1.871566e-11
2.351000e+01 2.784068e+00 1.551633e-09 2.965096e-02 7.771276e-13
2.351000e+01 3.580407e+00 -1.541867e-09 2.718419e-02 -1.228963e-12
2.400000e+01 2.094395e-02 1.438035e-09 1.271865e-04 6.431087e-10
2.400000e+01 3.183814e-02 1.852851e-09 1.685007e-04 5.348719e-10
2.400000e+01 4.770840e-02 3.706857e-09 3.321580e-04 6.452810e-10
2.400000e+01 7.025257e-02 8.966003e-09 7.947945e-04 9.103597e-10
2.400000e+01 9.773653e-02 1.675720e-08 1.466810e-03 1.167530e-09
2.400000e+01 1.368335e-01 2.326439e-08 2.048518e-03 9.268754e-10
2.400000e+01 1.929536e-01 3.309500e-08 2.919300e-03 8.115519e-10
2.400000e+01 2.695639e-01 4.589273e-08 4.119340e-03 6.928044e-10
2.400000e+01 3.777252e-01 5.890556e-08 5.628500e-03 5.337873e-10
2.400000e+01 5.288205e-01 7.013369e-08 7.771321e-03 3.875322e-10
2.400000e+01 7.401737e-01 7.431975e-08 1.108595e-02 2.481464e-10
2.400000e+01 1.036455e+00 6.748707e-08 1.591148e-02 1.362866e-10
2.400000e+01 1.451071e+00 5.008250e-08 2.093819e-02 6.116146e-11
2.400000e+01 2.031429e+00 2.460058e-08 2.570786e-02 1.815575e-11
2.400000e+01 2.784068e+00 3.167078e-09 2.918929e-02 1.586215e-12
2.400000e+01 3.580407e+00 -1.138487e-09 2.695992e-02 -9.074445e-13
2.450000e+01 2.094395e-02 1.329989e-09 1.222759e-04 5.947890e-10
2.450000e+01 3.183814e-02 1.794354e-09 1.620956e-04 5.179854e-10
2.450000e+01 4.770840e-02 3.583542e-09 3.192071e-04 6.238146e-10
2.450000e+01 7.025257e-02 8.609396e-09 7.637394e-04 8.741517e-10
2.450000e+01 9.773653e-02 1.589701e-08 1.409160e-03 1.107597e-09
2.450000e+01 1.368335e-01 2.214690e-08 1.971731e-03 8.823537e-10
2.450000e+01 1.929536e-01 3.146772e-08 2.808713e-03 7.716480e-10
2.450000e+01 2.695639e-01 4.347139e-08 3.969062e-03 6.562513e-10
2.450000e+01 3.777252e-01 5.553940e-08 5.437569e-03 5.032841e-10
2.450000e+01 5.288205e-01 6.598982e-08 7.570888e-03 3.646347e-10
2.450000e+01 7.401737e-01 6.954121e-08 1.086312e-02 2.321913e-10
2.450000e+01 1.036455e+00 6.265980e-08 1.560423e-02 1.265382e-10
2.450000e+01 1.451071e+00 4.616855e-08 2.050442e-02 5.638169e-11
2.450000e+01 2.031429e+00 2.364180e-08 2.518145e-02 1.744815e-11
2.450000e+01 2.784068e+00 4.877244e-09 2.874044e-02 2.442743e-12
2.450000e+01 3.580407e+00 -7.968770e-10 2.677892e-02 -6.351600e-13
2.501000e+01 2.094395e-02 1.302608e-09 1.175468e-04 5.825440e-10
2.501000e+01 3.183814e-02 1.711794e-09 1.558405e-04 4.941523e-10
2.501000e+01 4.770840e-02 3.388119e-09 3.067239e-04 5.897958e-10
2.501000e+01 7.025257e-02 8.174834e-09 7.338414e-04 8.300286e-10
2.501000e+01 9.773653e-02 1.498323e-08 1.353051e-03 1.043931e-09
2.501000e+01 1.368335e-01 2.088745e-08 1.897149e-03 8.321757e-10
2.501000e+01 1.929536e-01 2.964704e-08 2.701956e-03 7.270014e-10
2.501000e+01 2.695639e-01 4.087498e-08 3.826335e-03 6.170555e-10
2.501000e+01 3.777252e-01 5.206027e-08 5.258222e-03 4.717571e-10
2.501000e+01 5.288205e-01 6.173842e-08 7.379096e-03 3.411431e-10
2.501000e+01 7.401737e-01 6.480880e-08 1.064895e-02 2.163903e-10
2.501000e+01 1.036455e+00 5.782800e-08 1.529761e-02 1.167806e-10
2.501000e+01 1.451071e+00 4.222939e-08 2.006840e-02 5.157114e-11
2.501000e+01 2.031429e+00 2.271281e-08 2.467687e-02 1.676254e-11
2.501000e+01 2.784068e+00 6.392828e-09 2.828689e-02 3.201815e-12
2.501000e+01 3.580407e+00 -4.834807e-10 2.658126e-02 -3.853638e-13
2.553000e+01 2.094395e-02 1.229408e-09 1.129896e-04 5.498078e-10
2.553000e+01 3.183814e-02 1.614989e-09 1.498551e-04 4.662073e-10
2.553000e+01 4.770840e-02 3.198590e-09 2.946018e-04 5.568031e-10
2.553000e+01 7.025257e-02 7.672648e-09 7.051272e-04 7.790394e-10
2.553000e+01 9.773653e-02 1.403624e-08 1.299273e-03 9.779508e-10
2.553000e+01 1.368335e-01 1.956763e-08 1.825694e-03 7.795929e-10
2.553000e+01 1.929536e-01 2.773419e-08 2.598828e-03 6.800947e-10
2.553000e+01 2.695639e-01 3.819309e-08 3.689740e-03 5.765692e-10
2.553000e+01 3.777252e-01 4.850807e-08 5.085647e-03 4.395680e-10
2.553000e+01 5.288205e-01 5.745373e-08 7.197263e-03 3.174675e-10
2.553000e+01 7.401737e-01 6.008801e-08 1.043973e-02 2.006280e-10
2.553000e+01 1.036455e+00 5.315103e-08 1.498580e-02 1.073357e-10
2.553000e+01 1.451071e+00 3.838000e-08 1.963413e-02 4.687020e-11
2.553000e+01 2.031429e+00 2.176021e-08 2.420376e-02 1.605950e-11
2.553000e+01 2.784068e+00 7.745775e-09 2.785666e-02 3.879432e-12
2.553000e+01 3.580407e+00 -1.792710e-10 2.644176e-02 -1.428900e-13
2.606000e+01 2.094395e-02 1.103543e-09 1.086156e-04 4.935193e-10
2.606000e+01 3.183814e-02 1.510065e-09 1.440933e-04 4.359182e-10
2.606000e+01 4.770840e-02 3.006379e-09 2.829544e-04 5.233433e-10
2.606000e+01 7.025257e-02 7.164640e-09 6.774360e-04 7.274590e-10
2.606000e+01 9.773653e-02 1.317704e-08 1.247581e-03 9.180882e-10
2.606000e+01 1.368335e-01 1.831756e-08 1.756310e-03 7.297891e-10
2.606000e+01 1.929536e-01 2.581892e-08 2.500688e-03 6.331286e-10
2.606000e+01 2.695639e-01 3.547403e-08 3.560053e-03 5.355218e-10
2.606000e+01 3.777252e-01 4.497623e-08 4.924634e-03 4.075633e-10
2.606000e+01 5.288205e-01 5.318493e-08 7.020950e-03 2.938798e-10
2.606000e+01 7.401737e-01 5.543462e-08 1.023563e-02 1.850908e-10
2.606000e+01 1.036455e+00 4.864285e-08 1.467272e-02 9.823171e-11
2.606000e+01 1.451071e+00 3.473969e-08 1.922316e-02 4.242460e-11
2.606000e+01 2.031429e+00 2.081314e-08 2.372359e-02 1.536054e-11
2.606000e+01 2.784068e+00 8.838184e-09 2.745610e-02 4.426560e-12
2.606000e+01 3.580407e+00 2.616395e-10 2.629158e-02 2.085428e-13
2.660000e+01 2.094395e-02 1.033623e-09 1.044139e-04 4.622504e-10
2.660000e+01 3.183814e-02 1.399681e-09 1.385950e-04 4.040530e-10
2.660000e+01 4.770840e-02 2.736971e-09 2.717500e-04 4.764455e-10
2.660000e+01 7.025257e-02 6.606845e-09 6.510362e-04 6.708235e-10
2.660000e+01 9.773653e-02 1.227312e-08 1.198406e-03 8.551086e-10
2.660000e+01 1.368335e-01 1.696532e-08 1.690198e-03 6.759146e-10
2.660000e+01 1.929536e-01 2.383578e-08 2.406872e-03 5.844984e-10
2.660000e+01 2.695639e-01 3.269767e-08 3.435900e-03 4.936094e-10
2.660000e+01 3.777252e-01 4.144464e-08 4.772256e-03 3.755609e-10
2.660000e+01 5.288205e-01 4.895372e-08 6.856096e-03 2.704997e-10
2.660000e+01 7.401737e-01 5.092146e-08 1.003330e-02 1.700218e-10
2.660000e+01 1.036455e+00 4.432658e-08 1.435483e-02 8.951522e-11
2.660000e+01 1.451071e+00 3.144518e-08 1.880383e-02 3.840130e-11
2.660000e+01 2.031429e+00 1.964135e-08 2.326686e-02 1.449573e-11
2.660000e+01 2.784068e+00 9.724184e-09 2.706625e-02 4.870308e-12
2.660000e+01 3.580407e+00 8.042176e-10 2.616401e-02 6.410109e-13
2.715000e+01 2.094395e-02 1.014360e-09 1.003810e-04 4.536356e-10
2.715000e+01 3.183814e-02 1.286089e-09 1.332475e-04 3.712620e-10
2.715000e+01 4.770840e-02 2.514869e-09 2.609997e-04 4.377825e-10
2.715000e+01 7.025257e-02 6.068190e-09 6.256111e-04 6.161313e-10
2.715000e+01 9.773653e-02 1.100932e-08 1.151357e-03 7.670557e-10
2.715000e+01 1.368335e-01 1.546339e-08 1.626518e-03 6.160762e-10
2.715000e+01 1.929536e-01 2.176888e-08 2.317407e-03 5.338139e-10
2.715000e+01 2.695639e-01 2.996342e-08 3.318249e-03 4.523328e-10
2.715000e+01 3.777252e-01 3.792249e-08 4.626758e-03 3.436441e-10
2.715000e+01 5.288205e-01 4.482079e-08 6.695146e-03 2.476627e-10
2.715000e+01 7.401737e-01 4.649940e-08 9.836836e-03 1.552570e-10
2.715000e+01 1.036455e+00 4.032116e-08 1.404326e-02 8.142650e-11
2.715000e+01 1.451071e+00 2.860440e-08 1.839866e-02 3.493210e-11
2.715000e+01 2.031429e+00 1.882888e-08 2.282107e-02 1.389611e-11
2.715000e+01 2.784068e+00 9.741305e-09 2.668529e-02 4.878884e-12
2.715000e+01 3.580407e+00 1.068769e-09 2.604514e-02 8.518747e-13
2.771000e+01 2.094395e-02 8.586290e-10 9.649289e-05 3.839906e-10
2.771000e+01 3.183814e-02 1.172515e-09 1.281040e-04 3.384760e-10
2.771000e+01 4.770840e-02 2.296494e-09 2.507594e-04 3.997683e-10
2.771000e+01 7.025257e-02 5.519174e-09 6.011602e-04 5.603872e-10
2.771000e+01 9.773653e-02 1.032593e-08 1.106100e-03 7.194420e-10
2.771000e+01 1.368335e-01 1.418935e-08 1.565249e-03 5.653173e-10
2.771000e+01 1.929536e-01 1.990889e-08 2.231489e-03 4.882035e-10
2.771000e+01 2.695639e-01 2.732048e-08 3.204197e-03 4.124345e-10
2.771000e+01 3.777252e-01 3.452707e-08 4.491737e-03 3.128756e-10
2.771000e+01 5.288205e-01 4.072868e-08 6.545846e-03 2.250512e-10
2.771000e+01 7.401737e-01 4.220609e-08 9.642012e-03 1.409220e-10
2.771000e+01 1.036455e+00 3.652419e-08 1.372938e-02 7.375871e-11
2.771000e+01 1.451071e+00 2.610852e-08 1.798615e-02 3.188409e-11
2.771000e+01 2.031429e+00 1.803570e-08 2.238277e-02 1.331073e-11
2.771000e+01 2.784068e+00 9.332895e-09 2.632019e-02 4.674333e-12
2.771000e+01 3.580407e+00 1.035072e-09 2.593598e-02 8.250160e-13
2.829000e+01 2.094395e-02 8.126073e-10 9.271048e-05 3.634090e-10
2.829000e+01 3.183814e-02 1.060277e-09 1.231028e-04 3.060757e-10
2.829000e+01 4.770840e-02 2.106681e-09 2.406978e-04 3.667261e-10
2.829000e+01 7.025257e-02 4.991445e-09 5.774115e-04 5.068045e-10
2.829000e+01 9.773653e-02 9.047782e-09 1.062097e-03 6.303888e-10
2.829000e+01 1.368335e-01 1.270634e-08 1.505770e-03 5.062327e-10
2.829000e+01 1.929536e-01 1.791688e-08 2.147954e-03 4.393556e-10
2.829000e+01 2.695639e-01 2.459452e-08 3.094346e-03 3.712829e-10
2.829000e+01 3.777252e-01 3.108993e-08 4.360548e-03 2.817292e-10
2.829000e+01 5.288205e-01 3.674658e-08 6.400144e-03 2.030476e-10
2.829000e+01 7.401737e-01 3.801326e-08 9.447356e-03 1.269226e-10
2.829000e+01 1.036455e+00 3.279026e-08 1.341289e-02 6.621822e-11
2.829000e+01 1.451071e+00 2.367762e-08 1.759368e-02 2.891545e-11
2.829000e+01 2.031429e+00 1.714396e-08 2.192681e-02 1.265260e-11
2.829000e+01 2.784068e+00 9.061373e-09 2.591711e-02 4.538343e-12
2.829000e+01 3.580407e+00 1.205712e-09 2.583788e-02 9.610265e-13
2.887000e+01 2.094395e-02 7.323545e-10 8.913646e-05 3.275189e-10
2.887000e+01 3.183814e-02 9.483642e-10 1.183751e-04 2.737692e-10
2.887000e+01 4.770840e-02 1.822567e-09 2.312878e-04 3.172682e-10
2.887000e+01 7.025257e-02 4.456404e-09 5.548489e-04 4.524793e-10
2.887000e+01 9.773653e-02 8.067344e-09 1.021244e-03 5.620785e-10
2.887000e+01 1.368335e-01 1.135300e-08 1.449394e-03 4.523142e-10
2.887000e+01 1.929536e-01 1.596649e-08 2.070358e-03 3.915285e-10
2.887000e+01 2.695639e-01 2.196727e-08 2.992822e-03 3.316216e-10
2.887000e+01 3.777252e-01 2.776007e-08 4.239481e-03 2.515548e-10
2.887000e+01 5.288205e-01 3.281570e-08 6.259952e-03 1.813271e-10
2.887000e+01 7.401737e-01 3.391908e-08 9.251591e-03 1.132525e-10
2.887000e+01 1.036455e+00 2.931895e-08 1.310978e-02 5.920809e-11
2.887000e+01 1.451071e+00 2.129853e-08 1.721113e-02 2.601007e-11
2.887000e+01 2.031429e+00 1.598721e-08 2.149929e-02 1.179890e-11
2.887000e+01 2.784068e+00 8.922364e-09 2.554500e-02 4.468721e-12
2.887000e+01 3.580407e+00 1.536126e-09 2.575010e-02 1.224387e-12
2.947000e+01 2.094395e-02 5.995757e-10 8.564494e-05 2.681384e-10
2.947000e+01 3.183814e-02 8.377314e-10 1.137750e-04 2.418322e-10
2.947000e+01 4.770840e-02 1.563505e-09 2.221013e-04 2.721713e-10
2.947000e+01 7.025257e-02 3.939126e-09 5.329319e-04 3.999577e-10
2.947000e+01 9.773653e-02 7.174440e-09 9.815292e-04 4.998669e-10
2.947000e+01 1.368335e-01 1.003172e-08 1.394967e-03 3.996735e-10
2.947000e+01 1.929536e-01 1.410924e-08 1.995291e-03 3.459853e-10
2.947000e+01 2.695639e-01 1.941942e-08 2.895929e-03 2.931588e-10
2.947000e+01 3.777252e-01 2.453153e-08 4.123212e-03 2.222986e-10
2.947000e+01 5.288205e-01 2.899221e-08 6.122319e-03 1.602000e-10
2.947000e+01 7.401737e-01 2.997222e-08 9.060628e-03 1.000743e-10
2.947000e+01 1.036455e+00 2.589610e-08 1.280689e-02 5.229583e-11
2.947000e+01 1.451071e+00 1.896152e-08 1.683555e-02 2.315608e-11
2.947000e+01 2.031429e+00 1.469057e-08 2.106568e-02 1.084196e-11
2.947000e+01 2.784068e+00 8.779636e-09 2.519832e-02 4.397236e-12
2.947000e+01 3.580407e+00 1.872141e-09 2.566557e-02 1.492212e-12
3.008000e+01 2.094395e-02 5.023125e-10 8.230093e-05 2.246410e-10
3.008000e+01 3.183814e-02 7.295848e-10 1.093655e-04 2.106130e-10
3.008000e+01 4.770840e-02 1.355317e-09 2.134129e-04 2.359303e-10
3.008000e+01 7.025257e-02 3.431183e-09 5.118898e-04 3.483839e-10
3.008000e+01 9.773653e-02 6.164487e-09 9.434448e-04 4.295002e-10
3.008000e+01 1.368335e-01 8.745822e-09 1.342734e-03 3.484419e-10
3.008000e+01 1.929536e-01 1.229015e-08 1.924001e-03 3.013778e-10
3.008000e+01 2.695639e-01 1.690789e-08 2.801969e-03 2.552443e-10
3.008000e+01 3.777252e-01 2.137276e-08 4.015082e-03 1.936746e-10
3.008000e+01 5.288205e-01 2.524865e-08 5.989016e-03 1.395145e-10
3.008000e+01 7.401737e-01 2.608223e-08 8.874362e-03 8.708602e-11
3.008000e+01 1.036455e+00 2.258243e-08 1.251133e-02 4.560405e-11
3.008000e+01 1.451071e+00 1.661144e-08 1.644706e-02 2.028613e-11
3.008000e+01 2.031429e+00 1.325015e-08 2.065875e-02 9.778894e-12
3.008000e+01 2.784068e+00 8.610797e-09 2.485271e-02 4.312674e-12
3.008000e+01 3.580407e+00 2.229871e-09 2.558669e-02 1.777344e-12
3.070000e+01 2.094395e-02 4.101895e-10 7.910404e-05 1.834423e-10
3.070000e+01 3.183814e-02 6.237650e-10 1.051469e-04 1.800654e-10
3.070000e+01 4.770840e-02 1.170139e-09 2.050846e-04 2.036951e-10
3.070000e+01 7.025257e-02 2.921257e-09 4.918341e-04 2.966087e-10
3.070000e+01 9.773653e-02 5.184032e-09 9.071204e-04 3.611886e-10
3.070000e+01 1.368335e-01 7.451434e-09 1.292839e-03 2.968722e-10
3.070000e+01 1.929536e-01 1.051640e-08 1.856557e-03 2.578819e-10
3.070000e+01 2.695639e-01 1.444018e-08 2.713732e-03 2.179914e-10
3.070000e+01 3.777252e-01 1.824751e-08 3.911731e-03 1.653544e-10
3.070000e+01 5.288205e-01 2.157473e-08 5.858342e-03 1.192138e-10
3.070000e+01 7.401737e-01 2.230736e-08 8.692829e-03 7.448210e-11
3.070000e+01 1.036455e+00 1.932560e-08 1.222256e-02 3.902704e-11
3.070000e+01 1.451071e+00 1.424291e-08 1.607174e-02 1.739364e-11
3.070000e+01 2.031429e+00 1.158578e-08 2.027047e-02 8.550551e-12
3.070000e+01 2.784068e+00 8.099709e-09 2.448194e-02 4.056699e-12
3.070000e+01 3.580407e+00 2.308764e-09 2.552118e-02 1.840227e-12
3.134000e+01 2.094395e-02 4.355124e-10 7.599025e-05 1.947671e-10
3.134000e+01 3.183814e-02 5.219802e-10 1.010357e-04 1.506827e-10
3.134000e+01 4.770840e-02 1.092684e-09 1.970109e-04 1.902119e-10
3.134000e+01 7.025257e-02 2.431155e-09 4.723029e-04 2.468464e-10
3.134000e+01 9.773653e-02 4.514524e-09 8.719283e-04 3.145418e-10
3.134000e+01 1.368335e-01 6.228959e-09 1.244612e-03 2.481677e-10
3.134000e+01 1.929536e-01 8.799817e-09 1.791687e-03 2.157881e-10
3.134000e+01 2.695639e-01 1.209372e-08 2.629529e-03 1.825688e-10
3.134000e+01 3.777252e-01 1.525216e-08 3.810708e-03 1.382112e-10
3.134000e+01 5.288205e-01 1.802432e-08 5.731101e-03 9.959554e-11
3.134000e+01 7.401737e-01 1.864110e-08 8.510608e-03 6.224082e-11
3.134000e+01 1.036455e+00 1.608013e-08 1.193169e-02 3.247299e-11
3.134000e+01 1.451071e+00 1.164558e-08 1.570682e-02 1.422174e-11
3.134000e+01 2.031429e+00 9.051529e-09 1.988096e-02 6.680221e-12
3.134000e+01 2.784068e+00 5.898119e-09 2.416625e-02 2.954043e-12
3.134000e+01 3.580407e+00 1.377195e-09 2.545005e-02 1.097709e-12
3.198000e+01 2.094395e-02 2.922634e-10 7.304918e-05 1.307042e-10
3.198000e+01 3.183814e-02 4.187809e-10 9.717623e-05 1.208916e-10
3.198000e+01 4.770840e-02 7.757888e-10 1.894176e-04 1.350475e-10
3.198000e+01 7.025257e-02 1.975292e-09 4.539322e-04 2.005605e-10
3.198000e+01 9.773653e-02 3.557987e-09 8.392436e-04 2.478967e-10
3.198000e+01 1.368335e-01 5.059162e-09 1.199019e-03 2.015619e-10
3.198000e+01 1.929536e-01 7.071135e-09 1.731147e-03 1.733976e-10
3.198000e+01 2.695639e-01 9.739386e-09 2.551275e-03 1.470274e-10
3.198000e+01 3.777252e-01 1.227914e-08 3.716588e-03 1.112705e-10
3.198000e+01 5.288205e-01 1.449595e-08 5.608140e-03 8.009912e-11
3.198000e+01 7.401737e-01 1.499230e-08 8.336559e-03 5.005785e-11
3.198000e+01 1.036455e+00 1.287686e-08 1.165096e-02 2.600415e-11
3.198000e+01 1.451071e+00 9.156593e-09 1.534849e-02 1.118216e-11
3.198000e+01 2.031429e+00 6.731857e-09 1.949673e-02 4.968254e-12
3.198000e+01 2.784068e+00 4.125034e-09 2.385292e-02 2.066002e-12
3.198000e+01 3.580407e+00 7.122628e-10 2.532563e-02 5.677172e-13
3.264000e+01 2.094395e-02 3.104694e-10 7.018354e-05 1.388461e-10
3.264000e+01 3.183814e-02 3.233947e-10 9.340891e-05 9.335602e-11
3.264000e+01 4.770840e-02 6.925995e-10 1.820692e-04 1.205661e-10
3.264000e+01 7.025257e-02 1.504820e-09 4.358300e-04 1.527913e-10
3.264000e+01 9.773653e-02 2.747868e-09 8.074083e-04 1.914531e-10
3.264000e+01 1.368335e-01 3.869527e-09 1.154509e-03 1.541657e-10
3.264000e+01 1.929536e-01 5.449198e-09 1.672492e-03 1.336246e-10
3.264000e+01 2.695639e-01 7.491951e-09 2.476318e-03 1.130997e-10
3.264000e+01 3.777252e-01 9.428400e-09 3.625773e-03 8.543779e-11
3.264000e+01 5.288205e-01 1.113945e-08 5.488305e-03 6.155236e-11
3.264000e+01 7.401737e-01 1.148577e-08 8.162488e-03 3.834986e-11
3.264000e+01 1.036455e+00 9.804391e-09 1.138459e-02 1.979946e-11
3.264000e+01 1.451071e+00 6.794263e-09 1.500505e-02 8.297251e-12
3.264000e+01 2.031429e+00 4.651733e-09 1.912395e-02 3.433078e-12
3.264000e+01 2.784068e+00 2.699836e-09 2.353798e-02 1.352199e-12
3.264000e+01 3.580407e+00 3.876478e-10 2.526831e-02 3.089792e-13
3.332000e+01 2.094395e-02 1.244614e-10 6.739046e-05 5.566085e-11
3.332000e+01 3.183814e-02 2.207703e-10 8.974699e-05 6.373090e-11
3.332000e+01 4.770840e-02 4.067293e-10 1.749900e-04 7.080249e-11
3.332000e+01 7.025257e-02 1.005940e-09 4.182760e-04 1.021377e-10
3.332000e+01 9.773653e-02 1.762743e-09 7.764696e-04 1.228161e-10
3.332000e+01 1.368335e-01 2.579404e-09 1.111327e-03 1.027659e-10
3.332000e+01 1.929536e-01 3.712122e-09 1.617074e-03 9.102824e-11
3.332000e+01 2.695639e-01 5.097350e-09 2.403292e-03 7.695044e-11
3.332000e+01 3.777252e-01 6.485681e-09 3.537500e-03 5.877161e-11
3.332000e+01 5.288205e-01 7.663620e-09 5.372638e-03 4.234626e-11
3.332000e+01 7.401737e-01 7.919314e-09 7.981461e-03 2.644182e-11
3.332000e+01 1.036455e+00 6.745003e-09 1.110895e-02 1.362118e-11
3.332000e+01 1.451071e+00 4.533685e-09 1.465767e-02 5.536601e-12
3.332000e+01 2.031429e+00 2.858006e-09 1.874794e-02 2.109269e-12
3.332000e+01 2.784068e+00 1.572173e-09 2.322015e-02 7.874150e-13
3.332000e+01 3.580407e+00 1.697358e-10 2.516897e-02 1.352899e-13
3.400000e+01 2.094395e-02 3.778374e-11 6.475464e-05 1.689740e-11
3.400000e+01 3.183814e-02 1.258136e-10 8.628752e-05 3.631926e-11
3.400000e+01 4.770840e-02 2.019572e-10 1.683201e-04 3.515624e-11
3.400000e+01 7.025257e-02 5.377351e-10 4.016885e-04 5.459873e-11
3.400000e+01 9.773653e-02 9.257330e-10 7.474938e-04 6.449888e-11
3.400000e+01 1.368335e-01 1.433179e-09 1.070569e-03 5.709920e-11
3.400000e+01 1.929536e-01 2.071597e-09 1.565106e-03 5.079946e-11
3.400000e+01 2.695639e-01 2.874779e-09 2.335084e-03 4.339814e-11
3.400000e+01 3.777252e-01 3.676295e-09 3.455206e-03 3.331366e-11
3.400000e+01 5.288205e-01 4.381053e-09 5.255494e-03 2.420804e-11
3.400000e+01 7.401737e-01 4.530614e-09 7.810689e-03 1.512728e-11
3.400000e+01 1.036455e+00 3.831470e-09 1.085461e-02 7.737454e-12
3.400000e+01 1.451071e+00 2.495495e-09 1.433957e-02 3.047534e-12
3.400000e+01 2.031429e+00 1.395242e-09 1.839984e-02 1.029718e-12
3.400000e+01 2.784068e+00 7.133719e-10 2.291866e-02 3.572887e-13
3.400000e+01 3.580407e+00 6.415506e-11 2.506381e-02 5.113553e-14
3.470000e+01 2.094395e-02 2.297804e-12 6.218942e-05 1.027609e-12
3.470000e+01 3.183814e-02 3.547327e-11 8.293500e-05 1.024025e-11
3.470000e+01 4.770840e-02 4.777809e-11 1.618390e-04 8.317098e-12
3.470000e+01 7.025257e-02 1.312847e-10 3.856295e-04 1.332994e-11
3.470000e+01 9.773653e-02 2.111560e-10 7.191710e-04 1.471194e-11
3.470000e+01 1.368335e-01 3.345771e-10 1.030950e-03 1.332987e-11
3.470000e+01 1.929536e-01 4.691492e-10 1.515562e-03 1.150442e-11
3.470000e+01 2.695639e-01 6.627494e-10 2.268986e-03 1.000498e-11
3.470000e+01 3.777252e-01 8.332909e-10 3.373860e-03 7.551073e-12
3.470000e+01 5.288205e-01 9.969154e-10 5.138075e-03 5.508577e-12
3.470000e+01 7.401737e-01 1.036563e-09 7.640699e-03 3.460984e-12
3.470000e+01 1.036455e+00 8.759120e-10 1.060199e-02 1.768859e-12
3.470000e+01 1.451071e+00 5.604192e-10 1.403213e-02 6.843919e-13
3.470000e+01 2.031429e+00 2.790279e-10 1.806320e-02 2.059285e-13
3.470000e+01 2.784068e+00 1.213692e-10 2.260951e-02 6.078716e-14
3.470000e+01 3.580407e+00 1.214302e-11 2.502565e-02 9.678733e-15
