5.900000e+00 2.094395e-02 -4.181691e-05 4.019614e-04 -1.870109e-05
5.900000e+00 3.183814e-02 -7.302850e-05 1.419813e-03 -2.108151e-05
5.900000e+00 4.770840e-02 -3.674301e-04 6.859265e-03 -6.396137e-05
5.900000e+00 7.025257e-02 -6.088439e-06 9.594884e-03 -6.181873e-07
5.900000e+00 9.773653e-02 -2.861854e-04 1.587084e-02 -1.993948e-05
5.900000e+00 1.368335e-01 -1.365970e-04 2.749404e-02 -5.442154e-06
5.900000e+00 1.929536e-01 -6.258063e-05 3.899014e-02 -1.534595e-06
5.900000e+00 2.695639e-01 -9.883092e-05 5.105223e-02 -1.491968e-06
5.900000e+00 3.777252e-01 -8.198394e-05 7.138338e-02 -7.429179e-07
5.900000e+00 5.288205e-01 -6.931969e-05 9.115783e-02 -3.830343e-07
5.900000e+00 7.401737e-01 -6.499186e-05 1.106682e-01 -2.170015e-07
5.900000e+00 1.036455e+00 -4.622073e-05 1.249784e-01 -9.334035e-08
5.900000e+00 1.451071e+00 -3.816868e-05 1.278921e-01 -4.661214e-08
5.900000e+00 2.031429e+00 -3.934569e-05 1.172367e-01 -2.903795e-08
5.900000e+00 2.784068e+00 -3.708955e-05 1.065945e-01 -1.857612e-08
5.900000e+00 3.580407e+00 -4.250629e-05 9.328667e-02 -3.388013e-08
6.040000e+00 2.094395e-02 -1.736386e-04 3.861943e-04 -7.765355e-05
6.040000e+00 3.183814e-02 -1.817361e-04 1.364208e-03 -5.246269e-05
6.040000e+00 4.770840e-02 -1.463925e-03 6.591424e-03 -2.548366e-04
6.040000e+00 7.025257e-02 -5.062475e-04 9.221879e-03 -5.140165e-05
6.040000e+00 9.773653e-02 -9.740324e-04 1.526063e-02 -6.786406e-05
6.040000e+00 1.368335e-01 -4.760694e-04 2.641862e-02 -1.896706e-05
6.040000e+00 1.929536e-01 -5.208217e-04 3.745751e-02 -1.277153e-05
6.040000e+00 2.695639e-01 -4.961815e-04 4.902618e-02 -7.490440e-06
6.040000e+00 3.777252e-01 -4.554679e-04 6.849517e-02 -4.127336e-06
6.040000e+00 5.288205e-01 -3.095641e-04 8.739843e-02 -1.710534e-06
6.040000e+00 7.401737e-01 -3.162629e-04 1.060120e-01 -1.055971e-06
6.040000e+00 1.036455e+00 -2.455713e-04 1.195886e-01 -4.959184e-07
6.040000e+00 1.451071e+00 -2.025095e-04 1.223348e-01 -2.473075e-07
6.040000e+00 2.031429e+00 -1.803812e-04 1.127660e-01 -1.331252e-07
6.040000e+00 2.784068e+00 -1.804018e-04 1.036037e-01 -9.035334e-08
6.040000e+00 3.580407e+00 -2.030537e-04 9.112456e-02 -1.618463e-07
6.180000e+00 2.094395e-02 -3.391946e-04 3.713255e-04 -1.516925e-04
6.180000e+00 3.183814e-02 -4.521336e-04 1.311752e-03 -1.305197e-04
6.180000e+00 4.770840e-02 -2.994254e-03 6.338265e-03 -5.212328e-04
6.180000e+00 7.025257e-02 -1.345509e-03 8.869086e-03 -1.366158e-04
6.180000e+00 9.773653e-02 -1.842202e-03 1.468420e-02 -1.283523e-04
6.180000e+00 1.368335e-01 -1.357367e-03 2.540743e-02 -5.407878e-05
6.180000e+00 1.929536e-01 -1.544118e-03 3.601363e-02 -3.786468e-05
6.180000e+00 2.695639e-01 -1.369374e-03 4.711278e-02 -2.067230e-05
6.180000e+00 3.777252e-01 -1.201548e-03 6.578893e-02 -1.088813e-05
6.180000e+00 5.288205e-01 -9.370718e-04 8.387060e-02 -5.177904e-06
6.180000e+00 7.401737e-01 -7.834407e-04 1.016273e-01 -2.615832e-06
6.180000e+00 1.036455e+00 -6.489627e-04 1.145786e-01 -1.310546e-06
6.180000e+00 1.451071e+00 -5.281101e-04 1.171795e-01 -6.449356e-07
6.180000e+00 2.031429e+00 -4.643642e-04 1.085531e-01 -3.427106e-07
6.180000e+00 2.784068e+00 -4.618216e-04 1.008829e-01 -2.313010e-07
6.180000e+00 3.580407e+00 -5.210859e-04 8.908174e-02 -4.153375e-07
6.320000e+00 2.094395e-02 -5.085222e-04 3.573043e-04 -2.274180e-04
6.320000e+00 3.183814e-02 -7.975596e-04 1.262288e-03 -2.302356e-04
6.320000e+00 4.770840e-02 -4.963027e-03 6.099750e-03 -8.639521e-04
6.320000e+00 7.025257e-02 -2.886022e-03 8.536776e-03 -2.930312e-04
6.320000e+00 9.773653e-02 -3.322983e-03 1.413855e-02 -2.315232e-04
6.320000e+00 1.368335e-01 -2.690426e-03 2.444543e-02 -1.071892e-04
6.320000e+00 1.929536e-01 -3.139115e-03 3.464469e-02 -7.697702e-05
6.320000e+00 2.695639e-01 -2.808960e-03 4.531294e-02 -4.240453e-05
6.320000e+00 3.777252e-01 -2.648518e-03 6.322778e-02 -2.400021e-05
6.320000e+00 5.288205e-01 -1.991745e-03 8.055791e-02 -1.100563e-05
6.320000e+00 7.401737e-01 -1.720307e-03 9.751922e-02 -5.743939e-06
6.320000e+00 1.036455e+00 -1.418916e-03 1.098297e-01 -2.865428e-06
6.320000e+00 1.451071e+00 -1.137773e-03 1.124056e-01 -1.389464e-06
6.320000e+00 2.031429e+00 -9.794551e-04 1.046981e-01 -7.228587e-07
6.320000e+00 2.784068e+00 -9.877472e-04 9.832941e-02 -4.947082e-07
6.320000e+00 3.580407e+00 -1.108945e-03 8.712543e-02 -8.838971e-07
6.470000e+00 2.094395e-02 -5.247480e-04 3.430851e-04 -2.346744e-04
6.470000e+00 3.183814e-02 -1.183460e-03 1.212161e-03 -3.416356e-04
6.470000e+00 4.770840e-02 -7.979163e-03 5.858811e-03 -1.388994e-03
6.470000e+00 7.025257e-02 -5.730739e-03 8.200603e-03 -5.818683e-04
6.470000e+00 9.773653e-02 -6.298518e-03 1.358711e-02 -4.388385e-04
6.470000e+00 1.368335e-01 -5.589570e-03 2.347657e-02 -2.226938e-04
6.470000e+00 1.929536e-01 -6.251544e-03 3.326186e-02 -1.532997e-04
6.470000e+00 2.695639e-01 -5.250689e-03 4.349573e-02 -7.926527e-05
6.470000e+00 3.777252e-01 -4.997832e-03 6.066262e-02 -4.528910e-05
6.470000e+00 5.288205e-01 -4.155411e-03 7.723955e-02 -2.296123e-05
6.470000e+00 7.401737e-01 -3.443054e-03 9.339161e-02 -1.149602e-05
6.470000e+00 1.036455e+00 -2.786761e-03 1.050988e-01 -5.627719e-06
6.470000e+00 1.451071e+00 -2.271026e-03 1.076732e-01 -2.773409e-06
6.470000e+00 2.031429e+00 -1.936477e-03 1.008403e-01 -1.429161e-06
6.470000e+00 2.784068e+00 -1.956554e-03 9.580081e-02 -9.799300e-07
6.470000e+00 3.580407e+00 -2.147198e-03 8.513633e-02 -1.711449e-06
6.620000e+00 2.094395e-02 -4.965891e-04 3.297122e-04 -2.220814e-04
6.620000e+00 3.183814e-02 -1.616020e-03 1.165033e-03 -4.665048e-04
6.620000e+00 4.770840e-02 -1.062421e-02 5.631900e-03 -1.849438e-03
6.620000e+00 7.025257e-02 -8.852733e-03 7.884223e-03 -8.988588e-04
6.620000e+00 9.773653e-02 -9.956428e-03 1.306733e-02 -6.936972e-04
6.620000e+00 1.368335e-01 -9.914311e-03 2.256445e-02 -3.949956e-04
6.620000e+00 1.929536e-01 -1.048355e-02 3.196103e-02 -2.570764e-04
6.620000e+00 2.695639e-01 -8.859207e-03 4.178944e-02 -1.337401e-04
6.620000e+00 3.777252e-01 -8.667264e-03 5.822985e-02 -7.854057e-05
6.620000e+00 5.288205e-01 -7.146831e-03 7.409222e-02 -3.949068e-05
6.620000e+00 7.401737e-01 -5.865825e-03 8.950610e-02 -1.958542e-05
6.620000e+00 1.036455e+00 -4.792091e-03 1.006779e-01 -9.677378e-06
6.620000e+00 1.451071e+00 -3.877248e-03 1.032321e-01 -4.734950e-06
6.620000e+00 2.031429e+00 -3.269424e-03 9.732188e-02 -2.412904e-06
6.620000e+00 2.784068e+00 -3.284696e-03 9.342313e-02 -1.645123e-06
6.620000e+00 3.580407e+00 -3.593196e-03 8.328210e-02 -2.863998e-06
6.770000e+00 2.094395e-02 -4.972691e-04 3.171015e-04 -2.223855e-04
6.770000e+00 3.183814e-02 -2.044216e-03 1.120422e-03 -5.901142e-04
6.770000e+00 4.770840e-02 -1.248007e-02 5.417479e-03 -2.172501e-03
6.770000e+00 7.025257e-02 -1.107526e-02 7.584921e-03 -1.124523e-03
6.770000e+00 9.773653e-02 -1.346328e-02 1.257472e-02 -9.380310e-04
6.770000e+00 1.368335e-01 -1.419476e-02 2.170480e-02 -5.655328e-04
6.770000e+00 1.929536e-01 -1.427955e-02 3.073724e-02 -3.501615e-04
6.770000e+00 2.695639e-01 -1.265637e-02 4.018391e-02 -1.910626e-04
6.770000e+00 3.777252e-01 -1.240030e-02 5.596034e-02 -1.123684e-04
6.770000e+00 5.288205e-01 -1.056330e-02 7.116592e-02 -5.836876e-05
6.770000e+00 7.401737e-01 -8.738592e-03 8.587212e-02 -2.917731e-05
6.770000e+00 1.036455e+00 -7.066672e-03 9.655739e-02 -1.427078e-05
6.770000e+00 1.451071e+00 -5.637528e-03 9.904563e-02 -6.884629e-06
6.770000e+00 2.031429e+00 -4.739170e-03 9.404190e-02 -3.497608e-06
6.770000e+00 2.784068e+00 -4.732559e-03 9.117215e-02 -2.370278e-06
6.770000e+00 3.580407e+00 -5.039227e-03 8.148140e-02 -4.016574e-06
6.930000e+00 2.094395e-02 -4.898715e-04 3.044643e-04 -2.190772e-04
6.930000e+00 3.183814e-02 -2.361030e-03 1.075780e-03 -6.815707e-04
6.930000e+00 4.770840e-02 -1.379064e-02 5.202244e-03 -2.400643e-03
6.930000e+00 7.025257e-02 -1.306984e-02 7.284875e-03 -1.327041e-03
6.930000e+00 9.773653e-02 -1.670859e-02 1.208052e-02 -1.164143e-03
6.930000e+00 1.368335e-01 -1.913037e-02 2.084117e-02 -7.621720e-04
6.930000e+00 1.929536e-01 -1.858794e-02 2.950805e-02 -4.558114e-04
6.930000e+00 2.695639e-01 -1.705275e-02 3.856863e-02 -2.574312e-04
6.930000e+00 3.777252e-01 -1.666179e-02 5.368149e-02 -1.509849e-04
6.930000e+00 5.288205e-01 -1.441889e-02 6.822039e-02 -7.967334e-05
6.930000e+00 7.401737e-01 -1.192347e-02 8.224675e-02 -3.981132e-05
6.930000e+00 1.036455e+00 -9.616965e-03 9.246592e-02 -1.942096e-05
6.930000e+00 1.451071e+00 -7.701310e-03 9.495981e-02 -9.404950e-06
6.930000e+00 2.031429e+00 -6.415442e-03 9.084713e-02 -4.734732e-06
6.930000e+00 2.784068e+00 -6.381314e-03 8.898934e-02 -3.196049e-06
6.930000e+00 3.580407e+00 -6.732253e-03 7.968320e-02 -5.366020e-06
7.090000e+00 2.094395e-02 -5.739218e-04 2.925645e-04 -2.566656e-04
7.090000e+00 3.183814e-02 -2.580705e-03 1.033929e-03 -7.449853e-04
7.090000e+00 4.770840e-02 -1.407092e-02 4.999547e-03 -2.449433e-03
7.090000e+00 7.025257e-02 -1.456797e-02 7.001477e-03 -1.479154e-03
7.090000e+00 9.773653e-02 -1.895494e-02 1.161686e-02 -1.320654e-03
7.090000e+00 1.368335e-01 -2.349572e-02 2.003021e-02 -9.360921e-04
7.090000e+00 1.929536e-01 -2.317992e-02 2.834510e-02 -5.684153e-04
7.090000e+00 2.695639e-01 -2.140652e-02 3.704872e-02 -3.231564e-04
7.090000e+00 3.777252e-01 -2.097834e-02 5.152013e-02 -1.901005e-04
7.090000e+00 5.288205e-01 -1.856823e-02 6.545475e-02 -1.026010e-04
7.090000e+00 7.401737e-01 -1.543682e-02 7.886206e-02 -5.154203e-05
7.090000e+00 1.036455e+00 -1.246963e-02 8.867575e-02 -2.518177e-05
7.090000e+00 1.451071e+00 -9.924674e-03 9.123899e-02 -1.212015e-05
7.090000e+00 2.031429e+00 -8.206425e-03 8.787487e-02 -6.056516e-06
7.090000e+00 2.784068e+00 -8.151873e-03 8.696682e-02 -4.082824e-06
7.090000e+00 3.580407e+00 -8.409366e-03 7.798388e-02 -6.702782e-06
7.250000e+00 2.094395e-02 -6.609649e-04 2.813474e-04 -2.955925e-04
7.250000e+00 3.183814e-02 -2.672196e-03 9.944622e-04 -7.713965e-04
7.250000e+00 4.770840e-02 -1.353938e-02 4.808648e-03 -2.356904e-03
7.250000e+00 7.025257e-02 -1.535412e-02 6.734331e-03 -1.558974e-03
7.250000e+00 9.773653e-02 -2.075993e-02 1.117613e-02 -1.446413e-03
7.250000e+00 1.368335e-01 -2.685869e-02 1.926657e-02 -1.070076e-03
7.250000e+00 1.929536e-01 -2.754627e-02 2.725445e-02 -6.754864e-04
7.250000e+00 2.695639e-01 -2.529952e-02 3.561703e-02 -3.819257e-04
7.250000e+00 3.777252e-01 -2.532025e-02 4.950715e-02 -2.294457e-04
7.250000e+00 5.288205e-01 -2.273013e-02 6.285213e-02 -1.255981e-04
7.250000e+00 7.401737e-01 -1.896237e-02 7.570039e-02 -6.331351e-05
7.250000e+00 1.036455e+00 -1.539871e-02 8.505338e-02 -3.109690e-05
7.250000e+00 1.451071e+00 -1.216230e-02 8.769532e-02 -1.485277e-05
7.250000e+00 2.031429e+00 -1.006052e-02 8.511218e-02 -7.424877e-06
7.250000e+00 2.784068e+00 -9.934586e-03 8.509011e-02 -4.975687e-06
7.250000e+00 3.580407e+00 -1.014472e-02 7.627603e-02 -8.085968e-06
7.410000e+00 2.094395e-02 -7.228644e-04 2.707675e-04 -3.232748e-04
7.410000e+00 3.183814e-02 -2.511153e-03 9.571107e-04 -7.249075e-04
7.410000e+00 4.770840e-02 -1.247398e-02 4.628344e-03 -2.171441e-03
7.410000e+00 7.025257e-02 -1.571180e-02 6.481791e-03 -1.595292e-03
7.410000e+00 9.773653e-02 -2.223546e-02 1.076239e-02 -1.549218e-03
7.410000e+00 1.368335e-01 -2.955234e-02 1.854473e-02 -1.177393e-03
7.410000e+00 1.929536e-01 -3.132384e-02 2.622297e-02 -7.681197e-04
7.410000e+00 2.695639e-01 -2.904380e-02 3.426927e-02 -4.384500e-04
7.410000e+00 3.777252e-01 -2.943129e-02 4.760026e-02 -2.666989e-04
7.410000e+00 5.288205e-01 -2.667967e-02 6.039523e-02 -1.474218e-04
7.410000e+00 7.401737e-01 -2.254950e-02 7.271079e-02 -7.529059e-05
7.410000e+00 1.036455e+00 -1.840159e-02 8.167947e-02 -3.716106e-05
7.410000e+00 1.451071e+00 -1.450477e-02 8.442857e-02 -1.771343e-05
7.410000e+00 2.031429e+00 -1.197166e-02 8.257399e-02 -8.835336e-06
7.410000e+00 2.784068e+00 -1.172990e-02 8.336317e-02 -5.874859e-06
7.410000e+00 3.580407e+00 -1.184130e-02 7.475147e-02 -9.438247e-06
7.580000e+00 2.094395e-02 -7.406074e-04 2.601343e-04 -3.312097e-04
7.580000e+00 3.183814e-02 -2.370972e-03 9.196588e-04 -6.844408e-04
7.580000e+00 4.770840e-02 -1.145575e-02 4.447879e-03 -1.994191e-03
7.580000e+00 7.025257e-02 -1.531717e-02 6.229411e-03 -1.555223e-03
7.580000e+00 9.773653e-02 -2.255002e-02 1.034674e-02 -1.571134e-03
7.580000e+00 1.368335e-01 -3.115650e-02 1.782056e-02 -1.241305e-03
7.580000e+00 1.929536e-01 -3.372619e-02 2.519137e-02 -8.270299e-04
7.580000e+00 2.695639e-01 -3.199765e-02 3.291286e-02 -4.830418e-04
7.580000e+00 3.777252e-01 -3.306145e-02 4.569979e-02 -2.995946e-04
7.580000e+00 5.288205e-01 -3.019236e-02 5.795375e-02 -1.668315e-04
7.580000e+00 7.401737e-01 -2.576628e-02 6.974821e-02 -8.603111e-05
7.580000e+00 1.036455e+00 -2.120048e-02 7.831341e-02 -4.281327e-05
7.580000e+00 1.451071e+00 -1.670135e-02 8.114023e-02 -2.039592e-05
7.580000e+00 2.031429e+00 -1.374109e-02 8.006736e-02 -1.014122e-05
7.580000e+00 2.784068e+00 -1.336352e-02 8.165186e-02 -6.693053e-06
7.580000e+00 3.580407e+00 -1.341810e-02 7.324043e-02 -1.069505e-05
7.750000e+00 2.094395e-02 -6.934727e-04 2.501232e-04 -3.101304e-04
7.750000e+00 3.183814e-02 -2.272171e-03 8.843005e-04 -6.559192e-04
7.750000e+00 4.770840e-02 -1.042712e-02 4.277414e-03 -1.815129e-03
7.750000e+00 7.025257e-02 -1.437777e-02 5.991905e-03 -1.459842e-03
7.750000e+00 9.773653e-02 -2.201766e-02 9.954314e-03 -1.534043e-03
7.750000e+00 1.368335e-01 -3.210523e-02 1.713503e-02 -1.279103e-03
7.750000e+00 1.929536e-01 -3.520642e-02 2.422128e-02 -8.633279e-04
7.750000e+00 2.695639e-01 -3.447914e-02 3.163694e-02 -5.205028e-04
7.750000e+00 3.777252e-01 -3.606258e-02 4.390941e-02 -3.267900e-04
7.750000e+00 5.288205e-01 -3.332637e-02 5.567576e-02 -1.841489e-04
7.750000e+00 7.401737e-01 -2.873865e-02 6.694139e-02 -9.595555e-05
7.750000e+00 1.036455e+00 -2.374286e-02 7.519458e-02 -4.794748e-05
7.750000e+00 1.451071e+00 -1.876889e-02 7.812993e-02 -2.292084e-05
7.750000e+00 2.031429e+00 -1.538533e-02 7.774359e-02 -1.135470e-05
7.750000e+00 2.784068e+00 -1.491947e-02 8.004846e-02 -7.472340e-06
7.750000e+00 3.580407e+00 -1.479890e-02 7.175302e-02 -1.179563e-05
7.930000e+00 2.094395e-02 -6.248014e-04 2.401516e-04 -2.794197e-04
7.930000e+00 3.183814e-02 -2.127083e-03 8.490657e-04 -6.140361e-04
7.930000e+00 4.770840e-02 -9.401357e-03 4.107462e-03 -1.636566e-03
7.930000e+00 7.025257e-02 -1.326834e-02 5.755145e-03 -1.347196e-03
7.930000e+00 9.773653e-02 -2.088596e-02 9.562127e-03 -1.455194e-03
7.930000e+00 1.368335e-01 -3.197041e-02 1.645157e-02 -1.273732e-03
7.930000e+00 1.929536e-01 -3.602004e-02 2.325478e-02 -8.832794e-04
7.930000e+00 2.695639e-01 -3.612616e-02 3.036804e-02 -5.453665e-04
7.930000e+00 3.777252e-01 -3.845691e-02 4.212183e-02 -3.484868e-04
7.930000e+00 5.288205e-01 -3.595163e-02 5.339757e-02 -1.986551e-04
7.930000e+00 7.401737e-01 -3.126592e-02 6.416862e-02 -1.043939e-04
7.930000e+00 1.036455e+00 -2.602330e-02 7.214281e-02 -5.255269e-05
7.930000e+00 1.451071e+00 -2.060311e-02 7.512303e-02 -2.516082e-05
7.930000e+00 2.031429e+00 -1.699040e-02 7.551970e-02 -1.253928e-05
7.930000e+00 2.784068e+00 -1.632618e-02 7.840027e-02 -8.176882e-06
7.930000e+00 3.580407e+00 -1.610062e-02 7.016272e-02 -1.283319e-05
8.110000e+00 2.094395e-02 -5.600062e-04 2.307746e-04 -2.504424e-04
8.110000e+00 3.183814e-02 -1.947317e-03 8.158106e-04 -5.621419e-04
8.110000e+00 4.770840e-02 -8.529102e-03 3.947540e-03 -1.484726e-03
8.110000e+00 7.025257e-02 -1.212393e-02 5.531683e-03 -1.230999e-03
8.110000e+00 9.773653e-02 -1.947970e-02 9.193665e-03 -1.357215e-03
8.110000e+00 1.368335e-01 -3.098680e-02 1.580843e-02 -1.234544e-03
8.110000e+00 1.929536e-01 -3.609439e-02 2.234517e-02 -8.851025e-04
8.110000e+00 2.695639e-01 -3.715696e-02 2.917549e-02 -5.609276e-04
8.110000e+00 3.777252e-01 -3.988154e-02 4.045205e-02 -3.613965e-04
8.110000e+00 5.288205e-01 -3.785408e-02 5.125554e-02 -2.091673e-04
8.110000e+00 7.401737e-01 -3.328012e-02 6.155556e-02 -1.111191e-04
8.110000e+00 1.036455e+00 -2.788790e-02 6.925993e-02 -5.631816e-05
8.110000e+00 1.451071e+00 -2.215085e-02 7.230995e-02 -2.705093e-05
8.110000e+00 2.031429e+00 -1.833110e-02 7.343338e-02 -1.352874e-05
8.110000e+00 2.784068e+00 -1.758960e-02 7.687991e-02 -8.809662e-06
8.110000e+00 3.580407e+00 -1.711986e-02 6.859676e-02 -1.364558e-05
8.290000e+00 2.094395e-02 -4.958161e-04 2.219654e-04 -2.217357e-04
8.290000e+00 3.183814e-02 -1.775115e-03 7.845272e-04 -5.124315e-04
8.290000e+00 4.770840e-02 -7.753670e-03 3.796610e-03 -1.349741e-03
8.290000e+00 7.025257e-02 -1.105524e-02 5.320775e-03 -1.122490e-03
8.290000e+00 9.773653e-02 -1.800130e-02 8.845452e-03 -1.254210e-03
8.290000e+00 1.368335e-01 -2.939450e-02 1.520410e-02 -1.171105e-03
8.290000e+00 1.929536e-01 -3.524974e-02 2.148674e-02 -8.643901e-04
8.290000e+00 2.695639e-01 -3.742212e-02 2.805450e-02 -5.649305e-04
8.290000e+00 3.777252e-01 -4.052668e-02 3.888232e-02 -3.672426e-04
8.290000e+00 5.288205e-01 -3.905759e-02 4.924381e-02 -2.158174e-04
8.290000e+00 7.401737e-01 -3.481178e-02 5.914336e-02 -1.162331e-04
8.290000e+00 1.036455e+00 -2.932829e-02 6.658096e-02 -5.922696e-05
8.290000e+00 1.451071e+00 -2.347453e-02 6.969129e-02 -2.866743e-05
8.290000e+00 2.031429e+00 -1.947729e-02 7.152904e-02 -1.437465e-05
8.290000e+00 2.784068e+00 -1.859537e-02 7.546290e-02 -9.313396e-06
8.290000e+00 3.580407e+00 -1.797180e-02 6.725241e-02 -1.432463e-05
8.470000e+00 2.094395e-02 -4.367679e-04 2.135975e-04 -1.953285e-04
8.470000e+00 3.183814e-02 -1.604634e-03 7.550149e-04 -4.632178e-04
8.470000e+00 4.770840e-02 -7.032510e-03 3.654203e-03 -1.224203e-03
8.470000e+00 7.025257e-02 -9.990879e-03 5.121596e-03 -1.014420e-03
8.470000e+00 9.773653e-02 -1.647409e-02 8.517504e-03 -1.147804e-03
8.470000e+00 1.368335e-01 -2.753791e-02 1.463316e-02 -1.097137e-03
8.470000e+00 1.929536e-01 -3.385376e-02 2.067355e-02 -8.301581e-04
8.470000e+00 2.695639e-01 -3.696087e-02 2.699406e-02 -5.579675e-04
8.470000e+00 3.777252e-01 -4.061782e-02 3.738890e-02 -3.680685e-04
8.470000e+00 5.288205e-01 -3.977031e-02 4.735350e-02 -2.197557e-04
8.470000e+00 7.401737e-01 -3.591182e-02 5.687924e-02 -1.199061e-04
8.470000e+00 1.036455e+00 -3.040851e-02 6.403471e-02 -6.140840e-05
8.470000e+00 1.451071e+00 -2.447459e-02 6.724426e-02 -2.988871e-05
8.470000e+00 2.031429e+00 -2.044063e-02 6.972159e-02 -1.508562e-05
8.470000e+00 2.784068e+00 -1.946401e-02 7.413310e-02 -9.748452e-06
8.470000e+00 3.580407e+00 -1.872786e-02 6.588093e-02 -1.492725e-05
8.660000e+00 2.094395e-02 -3.909675e-04 2.052768e-04 -1.748460e-04
8.660000e+00 3.183814e-02 -1.446645e-03 7.256137e-04 -4.176105e-04
8.660000e+00 4.770840e-02 -6.364539e-03 3.512252e-03 -1.107924e-03
8.660000e+00 7.025257e-02 -9.065543e-03 4.923163e-03 -9.204665e-04
8.660000e+00 9.773653e-02 -1.492502e-02 8.190939e-03 -1.039875e-03
8.660000e+00 1.368335e-01 -2.538493e-02 1.406472e-02 -1.011360e-03
8.660000e+00 1.929536e-01 -3.204676e-02 1.986651e-02 -7.858469e-04
8.660000e+00 2.695639e-01 -3.579843e-02 2.593488e-02 -5.404191e-04
8.660000e+00 3.777252e-01 -4.007716e-02 3.591549e-02 -3.631692e-04
8.660000e+00 5.288205e-01 -3.991274e-02 4.547248e-02 -2.205427e-04
8.660000e+00 7.401737e-01 -3.642643e-02 5.462520e-02 -1.216243e-04
8.660000e+00 1.036455e+00 -3.110354e-02 6.151666e-02 -6.281198e-05
8.660000e+00 1.451071e+00 -2.524189e-02 6.484528e-02 -3.082576e-05
8.660000e+00 2.031429e+00 -2.119530e-02 6.800531e-02 -1.564258e-05
8.660000e+00 2.784068e+00 -2.017117e-02 7.281958e-02 -1.010263e-05
8.660000e+00 3.580407e+00 -1.913211e-02 6.449279e-02 -1.524947e-05
8.860000e+00 2.094395e-02 -3.523773e-04 1.970629e-04 -1.575879e-04
8.860000e+00 3.183814e-02 -1.293498e-03 6.965048e-04 -3.734007e-04
8.860000e+00 4.770840e-02 -5.716615e-03 3.371310e-03 -9.951350e-04
8.860000e+00 7.025257e-02 -8.133647e-03 4.726504e-03 -8.258467e-04
8.860000e+00 9.773653e-02 -1.341382e-02 7.865726e-03 -9.345853e-04
8.860000e+00 1.368335e-01 -2.319173e-02 1.350174e-02 -9.239806e-04
8.860000e+00 1.929536e-01 -2.995163e-02 1.906896e-02 -7.344704e-04
8.860000e+00 2.695639e-01 -3.420377e-02 2.489114e-02 -5.163458e-04
8.860000e+00 3.777252e-01 -3.906030e-02 3.444991e-02 -3.539546e-04
8.860000e+00 5.288205e-01 -3.955648e-02 4.360512e-02 -2.185741e-04
8.860000e+00 7.401737e-01 -3.643178e-02 5.237000e-02 -1.216422e-04
8.860000e+00 1.036455e+00 -3.144303e-02 5.905016e-02 -6.349757e-05
8.860000e+00 1.451071e+00 -2.571380e-02 6.254148e-02 -3.140205e-05
8.860000e+00 2.031429e+00 -2.175625e-02 6.629219e-02 -1.605658e-05
8.860000e+00 2.784068e+00 -2.069805e-02 7.143468e-02 -1.036651e-05
8.860000e+00 3.580407e+00 -1.953072e-02 6.308226e-02 -1.556718e-05
9.050000e+00 2.094395e-02 -3.206940e-04 1.896720e-04 -1.434187e-04
9.050000e+00 3.183814e-02 -1.167973e-03 6.704251e-04 -3.371647e-04
9.050000e+00 4.770840e-02 -5.131686e-03 3.244976e-03 -8.933118e-04
9.050000e+00 7.025257e-02 -7.322215e-03 4.550685e-03 -7.434583e-04
9.050000e+00 9.773653e-02 -1.205212e-02 7.574274e-03 -8.397111e-04
9.050000e+00 1.368335e-01 -2.102905e-02 1.299521e-02 -8.378173e-04
9.050000e+00 1.929536e-01 -2.776156e-02 1.835005e-02 -6.807658e-04
9.050000e+00 2.695639e-01 -3.236945e-02 2.395827e-02 -4.886547e-04
9.050000e+00 3.777252e-01 -3.766282e-02 3.314609e-02 -3.412910e-04
9.050000e+00 5.288205e-01 -3.864310e-02 4.193658e-02 -2.135271e-04
9.050000e+00 7.401737e-01 -3.607541e-02 5.037487e-02 -1.204523e-04
9.050000e+00 1.036455e+00 -3.144653e-02 5.685470e-02 -6.350463e-05
9.050000e+00 1.451071e+00 -2.592232e-02 6.050226e-02 -3.165671e-05
9.050000e+00 2.031429e+00 -2.207726e-02 6.472320e-02 -1.629349e-05
9.050000e+00 2.784068e+00 -2.104775e-02 7.017786e-02 -1.054166e-05
9.050000e+00 3.580407e+00 -1.970165e-02 6.176887e-02 -1.570343e-05
9.250000e+00 2.094395e-02 -2.910714e-04 1.823509e-04 -1.301711e-04
9.250000e+00 3.183814e-02 -1.051535e-03 6.445462e-04 -3.035520e-04
9.250000e+00 4.770840e-02 -4.587029e-03 3.119804e-03 -7.984993e-04
9.250000e+00 7.025257e-02 -6.600777e-03 4.376049e-03 -6.702073e-04
9.250000e+00 9.773653e-02 -1.080272e-02 7.285886e-03 -7.526611e-04
9.250000e+00 1.368335e-01 -1.893833e-02 1.249334e-02 -7.545209e-04
9.250000e+00 1.929536e-01 -2.543209e-02 1.763702e-02 -6.236429e-04
9.250000e+00 2.695639e-01 -3.026308e-02 2.302771e-02 -4.568565e-04
9.250000e+00 3.777252e-01 -3.585325e-02 3.184832e-02 -3.248931e-04
9.250000e+00 5.288205e-01 -3.731209e-02 4.028274e-02 -2.061725e-04
9.250000e+00 7.401737e-01 -3.535631e-02 4.839450e-02 -1.180513e-04
9.250000e+00 1.036455e+00 -3.111051e-02 5.469330e-02 -6.282605e-05
9.250000e+00 1.451071e+00 -2.591337e-02 5.850598e-02 -3.164578e-05
9.250000e+00 2.031429e+00 -2.224733e-02 6.327007e-02 -1.641901e-05
9.250000e+00 2.784068e+00 -2.128317e-02 6.896872e-02 -1.065957e-05
9.250000e+00 3.580407e+00 -1.971101e-02 6.052911e-02 -1.571089e-05
9.460000e+00 2.094395e-02 -2.587594e-04 1.750908e-04 -1.157207e-04
9.460000e+00 3.183814e-02 -9.409366e-04 6.189460e-04 -2.716250e-04
9.460000e+00 4.770840e-02 -4.083569e-03 2.996112e-03 -7.108582e-04
9.460000e+00 7.025257e-02 -5.904187e-03 4.202591e-03 -5.994793e-04
9.460000e+00 9.773653e-02 -9.638706e-03 6.999164e-03 -6.715604e-04
9.460000e+00 1.368335e-01 -1.697622e-02 1.199668e-02 -6.763490e-04
9.460000e+00 1.929536e-01 -2.308324e-02 1.692959e-02 -5.660446e-04
9.460000e+00 2.695639e-01 -2.798916e-02 2.211206e-02 -4.225290e-04
9.460000e+00 3.777252e-01 -3.376167e-02 3.056704e-02 -3.059398e-04
9.460000e+00 5.288205e-01 -3.569993e-02 3.864990e-02 -1.972643e-04
9.460000e+00 7.401737e-01 -3.431664e-02 4.644355e-02 -1.145799e-04
9.460000e+00 1.036455e+00 -3.055425e-02 5.258689e-02 -6.170272e-05
9.460000e+00 1.451071e+00 -2.570122e-02 5.655519e-02 -3.138670e-05
9.460000e+00 2.031429e+00 -2.222118e-02 6.183814e-02 -1.639970e-05
9.460000e+00 2.784068e+00 -2.134593e-02 6.767245e-02 -1.069100e-05
9.460000e+00 3.580407e+00 -1.973159e-02 5.920765e-02 -1.572729e-05
9.670000e+00 2.094395e-02 -2.299753e-04 1.682857e-04 -1.028481e-04
9.670000e+00 3.183814e-02 -8.388792e-04 5.948748e-04 -2.421636e-04
9.670000e+00 4.770840e-02 -3.611230e-03 2.879770e-03 -6.286345e-04
9.670000e+00 7.025257e-02 -5.249860e-03 4.039782e-03 -5.330425e-04
9.670000e+00 9.773653e-02 -8.594576e-03 6.730117e-03 -5.988125e-04
9.670000e+00 1.368335e-01 -1.515984e-02 1.152821e-02 -6.039825e-04
9.670000e+00 1.929536e-01 -2.085083e-02 1.626810e-02 -5.113018e-04
9.670000e+00 2.695639e-01 -2.567863e-02 2.125087e-02 -3.876489e-04
9.670000e+00 3.777252e-01 -3.154157e-02 2.936704e-02 -2.858218e-04
9.670000e+00 5.288205e-01 -3.384794e-02 3.712082e-02 -1.870309e-04
9.670000e+00 7.401737e-01 -3.300268e-02 4.460695e-02 -1.101927e-04
9.670000e+00 1.036455e+00 -2.970371e-02 5.061406e-02 -5.998509e-05
9.670000e+00 1.451071e+00 -2.532836e-02 5.475306e-02 -3.093136e-05
9.670000e+00 2.031429e+00 -2.205631e-02 6.049353e-02 -1.627802e-05
9.670000e+00 2.784068e+00 -2.127925e-02 6.647847e-02 -1.065761e-05
9.670000e+00 3.580407e+00 -1.958521e-02 5.792244e-02 -1.561062e-05
9.880000e+00 2.094395e-02 -2.004616e-04 1.618465e-04 -8.964917e-05
9.880000e+00 3.183814e-02 -7.437667e-04 5.721877e-04 -2.147070e-04
9.880000e+00 4.770840e-02 -3.200848e-03 2.770261e-03 -5.571962e-04
9.880000e+00 7.025257e-02 -4.666306e-03 3.886776e-03 -4.737916e-04
9.880000e+00 9.773653e-02 -7.670950e-03 6.476706e-03 -5.344604e-04
9.880000e+00 1.368335e-01 -1.351019e-02 1.108821e-02 -5.382588e-04
9.880000e+00 1.929536e-01 -1.870113e-02 1.564533e-02 -4.585870e-04
9.880000e+00 2.695639e-01 -2.336212e-02 2.043208e-02 -3.526785e-04
9.880000e+00 3.777252e-01 -2.916085e-02 2.823664e-02 -2.642483e-04
9.880000e+00 5.288205e-01 -3.178342e-02 3.568494e-02 -1.756232e-04
9.880000e+00 7.401737e-01 -3.147547e-02 4.288462e-02 -1.050935e-04
9.880000e+00 1.036455e+00 -2.870763e-02 4.875524e-02 -5.797357e-05
9.880000e+00 1.451071e+00 -2.474045e-02 5.306424e-02 -3.021339e-05
9.880000e+00 2.031429e+00 -2.177583e-02 5.920446e-02 -1.607102e-05
9.880000e+00 2.784068e+00 -2.106169e-02 6.533952e-02 -1.054864e-05
9.880000e+00 3.580407e+00 -1.927352e-02 5.666945e-02 -1.536218e-05
1.010000e+01 2.094395e-02 -1.738072e-04 1.554836e-04 -7.772895e-05
1.010000e+01 3.183814e-02 -6.532373e-04 5.497529e-04 -1.885734e-04
1.010000e+01 4.770840e-02 -2.824721e-03 2.661961e-03 -4.917209e-04
1.010000e+01 7.025257e-02 -4.122320e-03 3.734918e-03 -4.185582e-04
1.010000e+01 9.773653e-02 -6.814334e-03 6.224353e-03 -4.747772e-04
1.010000e+01 1.368335e-01 -1.198054e-02 1.065274e-02 -4.773162e-04
1.010000e+01 1.929536e-01 -1.668104e-02 1.503131e-02 -4.090506e-04
1.010000e+01 2.695639e-01 -2.106734e-02 1.962692e-02 -3.180360e-04
1.010000e+01 3.777252e-01 -2.672978e-02 2.711556e-02 -2.422185e-04
1.010000e+01 5.288205e-01 -2.959355e-02 3.426659e-02 -1.635227e-04
1.010000e+01 7.401737e-01 -2.978616e-02 4.119833e-02 -9.945308e-05
1.010000e+01 1.036455e+00 -2.748632e-02 4.692753e-02 -5.550721e-05
1.010000e+01 1.451071e+00 -2.396449e-02 5.138938e-02 -2.926578e-05
1.010000e+01 2.031429e+00 -2.132508e-02 5.795819e-02 -1.573837e-05
1.010000e+01 2.784068e+00 -2.069825e-02 6.411766e-02 -1.036661e-05
1.010000e+01 3.580407e+00 -1.884716e-02 5.550258e-02 -1.502234e-05
1.032000e+01 2.094395e-02 -1.532093e-04 1.494901e-04 -6.851728e-05
1.032000e+01 3.183814e-02 -5.752255e-04 5.286293e-04 -1.660533e-04
1.032000e+01 4.770840e-02 -2.481224e-03 2.559814e-03 -4.319257e-04
1.032000e+01 7.025257e-02 -3.640102e-03 3.591917e-03 -3.695963e-04
1.032000e+01 9.773653e-02 -6.049059e-03 5.986860e-03 -4.214579e-04
1.032000e+01 1.368335e-01 -1.059539e-02 1.024274e-02 -4.221305e-04
1.032000e+01 1.929536e-01 -1.481817e-02 1.445161e-02 -3.633694e-04
1.032000e+01 2.695639e-01 -1.889968e-02 1.886928e-02 -2.853127e-04
1.032000e+01 3.777252e-01 -2.431986e-02 2.606206e-02 -2.203805e-04
1.032000e+01 5.288205e-01 -2.734376e-02 3.293234e-02 -1.510912e-04
1.032000e+01 7.401737e-01 -2.795463e-02 3.962244e-02 -9.333780e-05
1.032000e+01 1.036455e+00 -2.612019e-02 4.523653e-02 -5.274837e-05
1.032000e+01 1.451071e+00 -2.301413e-02 4.982066e-02 -2.810518e-05
1.032000e+01 2.031429e+00 -2.080478e-02 5.682485e-02 -1.535437e-05
1.032000e+01 2.784068e+00 -2.021638e-02 6.298055e-02 -1.012527e-05
1.032000e+01 3.580407e+00 -1.832347e-02 5.425884e-02 -1.460493e-05
1.055000e+01 2.094395e-02 -1.331591e-04 1.435853e-04 -5.955057e-05
1.055000e+01 3.183814e-02 -5.057183e-04 5.077692e-04 -1.459883e-04
1.055000e+01 4.770840e-02 -2.180407e-03 2.459159e-03 -3.795602e-04
1.055000e+01 7.025257e-02 -3.198304e-03 3.450289e-03 -3.247386e-04
1.055000e+01 9.773653e-02 -5.329800e-03 5.753333e-03 -3.713448e-04
1.055000e+01 1.368335e-01 -9.322197e-03 9.839700e-03 -3.714052e-04
1.055000e+01 1.929536e-01 -1.309360e-02 1.388140e-02 -3.210797e-04
1.055000e+01 2.695639e-01 -1.684166e-02 1.812136e-02 -2.542445e-04
1.055000e+01 3.777252e-01 -2.194491e-02 2.502273e-02 -1.988593e-04
1.055000e+01 5.288205e-01 -2.505606e-02 3.162828e-02 -1.384503e-04
1.055000e+01 7.401737e-01 -2.604208e-02 3.806374e-02 -8.695196e-05
1.055000e+01 1.036455e+00 -2.463955e-02 4.357761e-02 -4.975828e-05
1.055000e+01 1.451071e+00 -2.199893e-02 4.832043e-02 -2.686541e-05
1.055000e+01 2.031429e+00 -2.012229e-02 5.564840e-02 -1.485068e-05
1.055000e+01 2.784068e+00 -1.971684e-02 6.184195e-02 -9.875082e-06
1.055000e+01 3.580407e+00 -1.772996e-02 5.314701e-02 -1.413187e-05
1.078000e+01 2.094395e-02 -1.159049e-04 1.380217e-04 -5.183427e-05
1.078000e+01 3.183814e-02 -4.429602e-04 4.881223e-04 -1.278716e-04
1.078000e+01 4.770840e-02 -1.906034e-03 2.364479e-03 -3.317979e-04
1.078000e+01 7.025257e-02 -2.812886e-03 3.317137e-03 -2.856053e-04
1.078000e+01 9.773653e-02 -4.679836e-03 5.533689e-03 -3.260596e-04
1.078000e+01 1.368335e-01 -8.192217e-03 9.460818e-03 -3.263857e-04
1.078000e+01 1.929536e-01 -1.152512e-02 1.334257e-02 -2.826176e-04
1.078000e+01 2.695639e-01 -1.492434e-02 1.741761e-02 -2.253003e-04
1.078000e+01 3.777252e-01 -1.968773e-02 2.404533e-02 -1.784052e-04
1.078000e+01 5.288205e-01 -2.279775e-02 3.039161e-02 -1.259717e-04
1.078000e+01 7.401737e-01 -2.406520e-02 3.661237e-02 -8.035138e-05
1.078000e+01 1.036455e+00 -2.307013e-02 4.203627e-02 -4.658893e-05
1.078000e+01 1.451071e+00 -2.085738e-02 4.691789e-02 -2.547133e-05
1.078000e+01 2.031429e+00 -1.934756e-02 5.453712e-02 -1.427891e-05
1.078000e+01 2.784068e+00 -1.909128e-02 6.070794e-02 -9.561772e-06
1.078000e+01 3.580407e+00 -1.721062e-02 5.203248e-02 -1.371792e-05
1.101000e+01 2.094395e-02 -9.984928e-05 1.327739e-04 -4.465395e-05
1.101000e+01 3.183814e-02 -3.895951e-04 4.696781e-04 -1.124664e-04
1.101000e+01 4.770840e-02 -1.667362e-03 2.274775e-03 -2.902504e-04
1.101000e+01 7.025257e-02 -2.471507e-03 3.191633e-03 -2.509436e-04
1.101000e+01 9.773653e-02 -4.082434e-03 5.325804e-03 -2.844366e-04
1.101000e+01 1.368335e-01 -7.177980e-03 9.100652e-03 -2.859776e-04
1.101000e+01 1.929536e-01 -1.011947e-02 1.283414e-02 -2.481485e-04
1.101000e+01 2.695639e-01 -1.316462e-02 1.675640e-02 -1.987352e-04
1.101000e+01 3.777252e-01 -1.755432e-02 2.312517e-02 -1.590728e-04
1.101000e+01 5.288205e-01 -2.061006e-02 2.923647e-02 -1.138834e-04
1.101000e+01 7.401737e-01 -2.206769e-02 3.524765e-02 -7.368187e-05
1.101000e+01 1.036455e+00 -2.146472e-02 4.059550e-02 -4.334689e-05
1.101000e+01 1.451071e+00 -1.964367e-02 4.559930e-02 -2.398913e-05
1.101000e+01 2.031429e+00 -1.850608e-02 5.347795e-02 -1.365788e-05
1.101000e+01 2.784068e+00 -1.841751e-02 5.962763e-02 -9.224317e-06
1.101000e+01 3.580407e+00 -1.648727e-02 5.093493e-02 -1.314137e-05
1.125000e+01 2.094395e-02 -8.699809e-05 1.276022e-04 -3.890673e-05
1.125000e+01 3.183814e-02 -3.415527e-04 4.514310e-04 -9.859776e-05
1.125000e+01 4.770840e-02 -1.456525e-03 2.186718e-03 -2.535485e-04
1.125000e+01 7.025257e-02 -2.161184e-03 3.068164e-03 -2.194350e-04
1.125000e+01 9.773653e-02 -3.559784e-03 5.121193e-03 -2.480219e-04
1.125000e+01 1.368335e-01 -6.273667e-03 8.747455e-03 -2.499489e-04
1.125000e+01 1.929536e-01 -8.865418e-03 1.233258e-02 -2.173968e-04
1.125000e+01 2.695639e-01 -1.156015e-02 1.610435e-02 -1.745140e-04
1.125000e+01 3.777252e-01 -1.555286e-02 2.222231e-02 -1.409361e-04
1.125000e+01 5.288205e-01 -1.849788e-02 2.809827e-02 -1.022123e-04
1.125000e+01 7.401737e-01 -2.007261e-02 3.390388e-02 -6.702049e-05
1.125000e+01 1.036455e+00 -1.983207e-02 3.919104e-02 -4.004983e-05
1.125000e+01 1.451071e+00 -1.839256e-02 4.434729e-02 -2.246125e-05
1.125000e+01 2.031429e+00 -1.757836e-02 5.247360e-02 -1.297320e-05
1.125000e+01 2.784068e+00 -1.760714e-02 5.852190e-02 -8.818447e-06
1.125000e+01 3.580407e+00 -1.567161e-02 4.969543e-02 -1.249123e-05
1.150000e+01 2.094395e-02 -7.532383e-05 1.225512e-04 -3.368584e-05
1.150000e+01 3.183814e-02 -2.978200e-04 4.335840e-04 -8.597323e-05
1.150000e+01 4.770840e-02 -1.261151e-03 2.100151e-03 -2.195383e-04
1.150000e+01 7.025257e-02 -1.881766e-03 2.947296e-03 -1.910644e-04
1.150000e+01 9.773653e-02 -3.087530e-03 4.920448e-03 -2.151184e-04
1.150000e+01 1.368335e-01 -5.463300e-03 8.400055e-03 -2.176631e-04
1.150000e+01 1.929536e-01 -7.727825e-03 1.184214e-02 -1.895008e-04
1.150000e+01 2.695639e-01 -1.009276e-02 1.546445e-02 -1.523620e-04
1.150000e+01 3.777252e-01 -1.366438e-02 2.133482e-02 -1.238232e-04
1.150000e+01 5.288205e-01 -1.645610e-02 2.698392e-02 -9.093015e-05
1.150000e+01 7.401737e-01 -1.812225e-02 3.259451e-02 -6.050844e-05
1.150000e+01 1.036455e+00 -1.815728e-02 3.779551e-02 -3.666769e-05
1.150000e+01 1.451071e+00 -1.710832e-02 4.314796e-02 -2.089293e-05
1.150000e+01 2.031429e+00 -1.658295e-02 5.149117e-02 -1.223857e-05
1.150000e+01 2.784068e+00 -1.673636e-02 5.742464e-02 -8.382319e-06
1.150000e+01 3.580407e+00 -1.478503e-02 4.859353e-02 -1.178458e-05
1.175000e+01 2.094395e-02 -6.495572e-05 1.178007e-04 -2.904908e-05
1.175000e+01 3.183814e-02 -2.589796e-04 4.168147e-04 -7.476098e-05
1.175000e+01 4.770840e-02 -1.089892e-03 2.018704e-03 -1.897258e-04
1.175000e+01 7.025257e-02 -1.635878e-03 2.833247e-03 -1.660983e-04
1.175000e+01 9.773653e-02 -2.677495e-03 4.731015e-03 -1.865499e-04
1.175000e+01 1.368335e-01 -4.744818e-03 8.073222e-03 -1.890381e-04
1.175000e+01 1.929536e-01 -6.721478e-03 1.138078e-02 -1.648233e-04
1.175000e+01 2.695639e-01 -8.780112e-03 1.486470e-02 -1.325460e-04
1.175000e+01 3.777252e-01 -1.194711e-02 2.051265e-02 -1.082617e-04
1.175000e+01 5.288205e-01 -1.455022e-02 2.594589e-02 -8.039901e-05
1.175000e+01 7.401737e-01 -1.624036e-02 3.136549e-02 -5.422498e-05
1.175000e+01 1.036455e+00 -1.650426e-02 3.651578e-02 -3.332950e-05
1.175000e+01 1.451071e+00 -1.581144e-02 4.201674e-02 -1.930915e-05
1.175000e+01 2.031429e+00 -1.554724e-02 5.052536e-02 -1.147420e-05
1.175000e+01 2.784068e+00 -1.580523e-02 5.640441e-02 -7.915971e-06
1.175000e+01 3.580407e+00 -1.387696e-02 4.755942e-02 -1.106079e-05
1.200000e+01 2.094395e-02 -5.647986e-05 1.133364e-04 -2.525856e-05
1.200000e+01 3.183814e-02 -2.239510e-04 4.009541e-04 -6.464907e-05
1.200000e+01 4.770840e-02 -9.391656e-04 1.941788e-03 -1.634877e-04
1.200000e+01 7.025257e-02 -1.416084e-03 2.725499e-03 -1.437816e-04
1.200000e+01 9.773653e-02 -2.311798e-03 4.552619e-03 -1.610706e-04
1.200000e+01 1.368335e-01 -4.099652e-03 7.765656e-03 -1.633341e-04
1.200000e+01 1.929536e-01 -5.821020e-03 1.094569e-02 -1.427424e-04
1.200000e+01 2.695639e-01 -7.606138e-03 1.429807e-02 -1.148235e-04
1.200000e+01 3.777252e-01 -1.039199e-02 1.972844e-02 -9.416965e-05
1.200000e+01 5.288205e-01 -1.279051e-02 2.496984e-02 -7.067553e-05
1.200000e+01 7.401737e-01 -1.445709e-02 3.021116e-02 -4.827083e-05
1.200000e+01 1.036455e+00 -1.490125e-02 3.529267e-02 -3.009229e-05
1.200000e+01 1.451071e+00 -1.450276e-02 4.094900e-02 -1.771098e-05
1.200000e+01 2.031429e+00 -1.449344e-02 4.963908e-02 -1.069646e-05
1.200000e+01 2.784068e+00 -1.479071e-02 5.537231e-02 -7.407853e-06
1.200000e+01 3.580407e+00 -1.295960e-02 4.648736e-02 -1.032960e-05
1.226000e+01 2.094395e-02 -4.893130e-05 1.089461e-04 -2.188274e-05
1.226000e+01 3.183814e-02 -1.935747e-04 3.853965e-04 -5.588021e-05
1.226000e+01 4.770840e-02 -8.078850e-04 1.866348e-03 -1.406347e-04
1.226000e+01 7.025257e-02 -1.221393e-03 2.619630e-03 -1.240137e-04
1.226000e+01 9.773653e-02 -1.986804e-03 4.377579e-03 -1.384272e-04
1.226000e+01 1.368335e-01 -3.526583e-03 7.464264e-03 -1.405024e-04
1.226000e+01 1.929536e-01 -5.011404e-03 1.051744e-02 -1.228891e-04
1.226000e+01 2.695639e-01 -6.549304e-03 1.373941e-02 -9.886938e-05
1.226000e+01 3.777252e-01 -8.978198e-03 1.896018e-02 -8.135817e-05
1.226000e+01 5.288205e-01 -1.116481e-02 2.400925e-02 -6.169251e-05
1.226000e+01 7.401737e-01 -1.278579e-02 2.909013e-02 -4.269050e-05
1.226000e+01 1.036455e+00 -1.336002e-02 3.413641e-02 -2.697987e-05
1.226000e+01 1.451071e+00 -1.323715e-02 3.996487e-02 -1.616539e-05
1.226000e+01 2.031429e+00 -1.343306e-02 4.874011e-02 -9.913886e-06
1.226000e+01 2.784068e+00 -1.378841e-02 5.431431e-02 -6.905853e-06
1.226000e+01 3.580407e+00 -1.208409e-02 4.544153e-02 -9.631763e-06
1.253000e+01 2.094395e-02 -4.247584e-05 1.046446e-04 -1.899577e-05
1.253000e+01 3.183814e-02 -1.650454e-04 3.701935e-04 -4.764449e-05
1.253000e+01 4.770840e-02 -6.914783e-04 1.792752e-03 -1.203709e-04
1.253000e+01 7.025257e-02 -1.049048e-03 2.516642e-03 -1.065147e-04
1.253000e+01 9.773653e-02 -1.698945e-03 4.206709e-03 -1.183711e-04
1.253000e+01 1.368335e-01 -3.021501e-03 7.170155e-03 -1.203795e-04
1.253000e+01 1.929536e-01 -4.294341e-03 1.010197e-02 -1.053053e-04
1.253000e+01 2.695639e-01 -5.614488e-03 1.319670e-02 -8.475725e-05
1.253000e+01 3.777252e-01 -7.716109e-03 1.821233e-02 -6.992144e-05
1.253000e+01 5.288205e-01 -9.678187e-03 2.307307e-02 -5.347799e-05
1.253000e+01 7.401737e-01 -1.121808e-02 2.800203e-02 -3.745607e-05
1.253000e+01 1.036455e+00 -1.189956e-02 3.300382e-02 -2.403055e-05
1.253000e+01 1.451071e+00 -1.200165e-02 3.900412e-02 -1.465659e-05
1.253000e+01 2.031429e+00 -1.236377e-02 4.783145e-02 -9.124725e-06
1.253000e+01 2.784068e+00 -1.281156e-02 5.322111e-02 -6.416604e-06
1.253000e+01 3.580407e+00 -1.117302e-02 4.438476e-02 -8.905584e-06
1.280000e+01 2.094395e-02 -3.683389e-05 1.005797e-04 -1.647261e-05
1.280000e+01 3.183814e-02 -1.410025e-04 3.558503e-04 -4.070391e-05
1.280000e+01 4.770840e-02 -5.853705e-04 1.723313e-03 -1.018999e-04
1.280000e+01 7.025257e-02 -8.973291e-04 2.419379e-03 -9.110996e-05
1.280000e+01 9.773653e-02 -1.448037e-03 4.044982e-03 -1.008895e-04
1.280000e+01 1.368335e-01 -2.582798e-03 6.892908e-03 -1.029011e-04
1.280000e+01 1.929536e-01 -3.655717e-03 9.708942e-03 -8.964509e-05
1.280000e+01 2.695639e-01 -4.793007e-03 1.268813e-02 -7.235604e-05
1.280000e+01 3.777252e-01 -6.604235e-03 1.750270e-02 -5.984592e-05
1.280000e+01 5.288205e-01 -8.336253e-03 2.218256e-02 -4.606297e-05
1.280000e+01 7.401737e-01 -9.787092e-03 2.697215e-02 -3.267815e-05
1.280000e+01 1.036455e+00 -1.052833e-02 3.195722e-02 -2.126143e-05
1.280000e+01 1.451071e+00 -1.081101e-02 3.809169e-02 -1.320257e-05
1.280000e+01 2.031429e+00 -1.132105e-02 4.695906e-02 -8.355174e-06
1.280000e+01 2.784068e+00 -1.182951e-02 5.220646e-02 -5.924750e-06
1.280000e+01 3.580407e+00 -1.030846e-02 4.350280e-02 -8.216477e-06
1.308000e+01 2.094395e-02 -3.101456e-05 9.659841e-05 -1.387013e-05
1.308000e+01 3.183814e-02 -1.194145e-04 3.418817e-04 -3.447200e-05
1.308000e+01 4.770840e-02 -4.925503e-04 1.655293e-03 -8.574199e-05
1.308000e+01 7.025257e-02 -7.606203e-04 2.324013e-03 -7.722929e-05
1.308000e+01 9.773653e-02 -1.227748e-03 3.886895e-03 -8.554129e-05
1.308000e+01 1.368335e-01 -2.191159e-03 6.621045e-03 -8.729786e-05
1.308000e+01 1.929536e-01 -3.096945e-03 9.325846e-03 -7.594292e-05
1.308000e+01 2.695639e-01 -4.070921e-03 1.218998e-02 -6.145530e-05
1.308000e+01 3.777252e-01 -5.633340e-03 1.681283e-02 -5.104791e-05
1.308000e+01 5.288205e-01 -7.143592e-03 2.132455e-02 -3.947278e-05
1.308000e+01 7.401737e-01 -8.463322e-03 2.597322e-02 -2.825821e-05
1.308000e+01 1.036455e+00 -9.247004e-03 3.093892e-02 -1.867384e-05
1.308000e+01 1.451071e+00 -9.681887e-03 3.719632e-02 -1.182366e-05
1.308000e+01 2.031429e+00 -1.028972e-02 4.608667e-02 -7.594034e-06
1.308000e+01 2.784068e+00 -1.083528e-02 5.117342e-02 -5.426794e-06
1.308000e+01 3.580407e+00 -9.474184e-03 4.258011e-02 -7.551508e-06
1.336000e+01 2.094395e-02 -2.661718e-05 9.287150e-05 -1.190357e-05
1.336000e+01 3.183814e-02 -1.009195e-04 3.286782e-04 -2.913295e-05
1.336000e+01 4.770840e-02 -4.165817e-04 1.591376e-03 -7.251756e-05
1.336000e+01 7.025257e-02 -6.424909e-04 2.234100e-03 -6.523507e-05
1.336000e+01 9.773653e-02 -1.038427e-03 3.736830e-03 -7.235065e-05
1.336000e+01 1.368335e-01 -1.853276e-03 6.364764e-03 -7.383629e-05
1.336000e+01 1.929536e-01 -2.620351e-03 8.967018e-03 -6.425596e-05
1.336000e+01 2.695639e-01 -3.440419e-03 1.171956e-02 -5.193714e-05
1.336000e+01 3.777252e-01 -4.774215e-03 1.616693e-02 -4.326273e-05
1.336000e+01 5.288205e-01 -6.099116e-03 2.051727e-02 -3.370140e-05
1.336000e+01 7.401737e-01 -7.281255e-03 2.502326e-02 -2.431140e-05
1.336000e+01 1.036455e+00 -8.083126e-03 3.002704e-02 -1.632345e-05
1.336000e+01 1.451071e+00 -8.608914e-03 3.638264e-02 -1.051333e-05
1.336000e+01 2.031429e+00 -9.305117e-03 4.526391e-02 -6.867374e-06
1.336000e+01 2.784068e+00 -9.892398e-03 5.020055e-02 -4.954558e-06
1.336000e+01 3.580407e+00 -8.626396e-03 4.171483e-02 -6.875768e-06
1.365000e+01 2.094395e-02 -2.258320e-05 8.923512e-05 -1.009951e-05
1.365000e+01 3.183814e-02 -8.500540e-05 3.157924e-04 -2.453895e-05
1.365000e+01 4.770840e-02 -3.481320e-04 1.528736e-03 -6.060201e-05
1.365000e+01 7.025257e-02 -5.392493e-04 2.146199e-03 -5.475247e-05
1.365000e+01 9.773653e-02 -8.691609e-04 3.591122e-03 -6.055731e-05
1.365000e+01 1.368335e-01 -1.557645e-03 6.116426e-03 -6.205807e-05
1.365000e+01 1.929536e-01 -2.199663e-03 8.612725e-03 -5.393988e-05
1.365000e+01 2.695639e-01 -2.888976e-03 1.126228e-02 -4.361247e-05
1.365000e+01 3.777252e-01 -4.027442e-03 1.553021e-02 -3.649567e-05
1.365000e+01 5.288205e-01 -5.167601e-03 1.971848e-02 -2.855421e-05
1.365000e+01 7.401737e-01 -6.228584e-03 2.411636e-02 -2.079664e-05
1.365000e+01 1.036455e+00 -7.011889e-03 2.912900e-02 -1.416014e-05
1.365000e+01 1.451071e+00 -7.609592e-03 3.560566e-02 -9.292942e-06
1.365000e+01 2.031429e+00 -8.355930e-03 4.443502e-02 -6.166854e-06
1.365000e+01 2.784068e+00 -8.965088e-03 4.917718e-02 -4.490119e-06
1.365000e+01 3.580407e+00 -7.840377e-03 4.083692e-02 -6.249263e-06
1.394000e+01 2.094395e-02 -1.895971e-05 8.579404e-05 -8.479038e-06
1.394000e+01 3.183814e-02 -7.210234e-05 3.036266e-04 -2.081415e-05
1.394000e+01 4.770840e-02 -2.892070e-04 1.469870e-03 -5.034448e-05
1.394000e+01 7.025257e-02 -4.522371e-04 2.064026e-03 -4.591772e-05
1.394000e+01 9.773653e-02 -7.272362e-04 3.453667e-03 -5.066895e-05
1.394000e+01 1.368335e-01 -1.303809e-03 5.882599e-03 -5.194499e-05
1.394000e+01 1.929536e-01 -1.841153e-03 8.280869e-03 -4.514854e-05
1.394000e+01 2.695639e-01 -2.423385e-03 1.083093e-02 -3.658383e-05
1.394000e+01 3.777252e-01 -3.381467e-03 1.493053e-02 -3.064201e-05
1.394000e+01 5.288205e-01 -4.358300e-03 1.897275e-02 -2.408231e-05
1.394000e+01 7.401737e-01 -5.294989e-03 2.326509e-02 -1.767945e-05
1.394000e+01 1.036455e+00 -6.064944e-03 2.829568e-02 -1.224784e-05
1.394000e+01 1.451071e+00 -6.686699e-03 3.487534e-02 -8.165892e-06
1.394000e+01 2.031429e+00 -7.455081e-03 4.361345e-02 -5.502008e-06
1.394000e+01 2.784068e+00 -8.074960e-03 4.820172e-02 -4.044303e-06
1.394000e+01 3.580407e+00 -7.110919e-03 4.005795e-02 -5.667840e-06
1.424000e+01 2.094395e-02 -1.634891e-05 8.245711e-05 -7.311457e-06
1.424000e+01 3.183814e-02 -6.035185e-05 2.917858e-04 -1.742208e-05
1.424000e+01 4.770840e-02 -2.395625e-04 1.412442e-03 -4.170247e-05
1.424000e+01 7.025257e-02 -3.780326e-04 1.983407e-03 -3.838340e-05
1.424000e+01 9.773653e-02 -6.028139e-04 3.319052e-03 -4.200003e-05
1.424000e+01 1.368335e-01 -1.088414e-03 5.654226e-03 -4.336347e-05
1.424000e+01 1.929536e-01 -1.536761e-03 7.957974e-03 -3.768429e-05
1.424000e+01 2.695639e-01 -2.025234e-03 1.041081e-02 -3.057328e-05
1.424000e+01 3.777252e-01 -2.821067e-03 1.434709e-02 -2.556380e-05
1.424000e+01 5.288205e-01 -3.657802e-03 1.825208e-02 -2.021163e-05
1.424000e+01 7.401737e-01 -4.478768e-03 2.243940e-02 -1.495417e-05
1.424000e+01 1.036455e+00 -5.211338e-03 2.749356e-02 -1.052403e-05
1.424000e+01 1.451071e+00 -5.843780e-03 3.417899e-02 -7.136507e-06
1.424000e+01 2.031429e+00 -6.617057e-03 4.283074e-02 -4.883529e-06
1.424000e+01 2.784068e+00 -7.261556e-03 4.726085e-02 -3.636913e-06
1.424000e+01 3.580407e+00 -6.443038e-03 3.921322e-02 -5.135498e-06
1.454000e+01 2.094395e-02 -1.397999e-05 7.931324e-05 -6.252041e-06
1.454000e+01 3.183814e-02 -5.003235e-05 2.806161e-04 -1.444309e-05
1.454000e+01 4.770840e-02 -1.992971e-04 1.358456e-03 -3.469318e-05
1.454000e+01 7.025257e-02 -3.118381e-04 1.907878e-03 -3.166236e-05
1.454000e+01 9.773653e-02 -4.982169e-04 3.192918e-03 -3.471241e-05
1.454000e+01 1.368335e-01 -9.046818e-04 5.438482e-03 -3.604339e-05
1.454000e+01 1.929536e-01 -1.274781e-03 7.653465e-03 -3.126003e-05
1.454000e+01 2.695639e-01 -1.677305e-03 1.001354e-02 -2.532087e-05
1.454000e+01 3.777252e-01 -2.343825e-03 1.379669e-02 -2.123916e-05
1.454000e+01 5.288205e-01 -3.048508e-03 1.757334e-02 -1.684490e-05
1.454000e+01 7.401737e-01 -3.768067e-03 2.166334e-02 -1.258121e-05
1.454000e+01 1.036455e+00 -4.439449e-03 2.673864e-02 -8.965237e-06
1.454000e+01 1.451071e+00 -5.070193e-03 3.351790e-02 -6.191792e-06
1.454000e+01 2.031429e+00 -5.843372e-03 4.205959e-02 -4.312533e-06
1.454000e+01 2.784068e+00 -6.488087e-03 4.631466e-02 -3.249526e-06
1.454000e+01 3.580407e+00 -5.794476e-03 3.846995e-02 -4.618554e-06
1.485000e+01 2.094395e-02 -1.198721e-05 7.624445e-05 -5.360841e-06
1.485000e+01 3.183814e-02 -4.097661e-05 2.697280e-04 -1.182893e-05
1.485000e+01 4.770840e-02 -1.637056e-04 1.305587e-03 -2.849748e-05
1.485000e+01 7.025257e-02 -2.583903e-04 1.834017e-03 -2.623556e-05
1.485000e+01 9.773653e-02 -4.098618e-04 3.069641e-03 -2.855643e-05
1.485000e+01 1.368335e-01 -7.461913e-04 5.228163e-03 -2.972897e-05
1.485000e+01 1.929536e-01 -1.053347e-03 7.357175e-03 -2.583006e-05
1.485000e+01 2.695639e-01 -1.387421e-03 9.626894e-03 -2.094475e-05
1.485000e+01 3.777252e-01 -1.936991e-03 1.326489e-02 -1.755253e-05
1.485000e+01 5.288205e-01 -2.528141e-03 1.691630e-02 -1.396955e-05
1.485000e+01 7.401737e-01 -3.152317e-03 2.090983e-02 -1.052528e-05
1.485000e+01 1.036455e+00 -3.761182e-03 2.601443e-02 -7.595511e-06
1.485000e+01 1.451071e+00 -4.370476e-03 3.286767e-02 -5.337287e-06
1.485000e+01 2.031429e+00 -5.125989e-03 4.128391e-02 -3.783089e-06
1.485000e+01 2.784068e+00 -5.756123e-03 4.538498e-02 -2.882925e-06
1.485000e+01 3.580407e+00 -5.164651e-03 3.772760e-02 -4.116544e-06
1.517000e+01 2.094395e-02 -1.023611e-05 7.327920e-05 -4.577726e-06
1.517000e+01 3.183814e-02 -3.363296e-05 2.591444e-04 -9.708998e-06
1.517000e+01 4.770840e-02 -1.352669e-04 1.254394e-03 -2.354694e-05
1.517000e+01 7.025257e-02 -2.109675e-04 1.762389e-03 -2.142050e-05
1.517000e+01 9.773653e-02 -3.342959e-04 2.950192e-03 -2.329150e-05
1.517000e+01 1.368335e-01 -6.129772e-04 5.023821e-03 -2.442159e-05
1.517000e+01 1.929536e-01 -8.627936e-04 7.069113e-03 -2.115733e-05
1.517000e+01 2.695639e-01 -1.139194e-03 9.253062e-03 -1.719746e-05
1.517000e+01 3.777252e-01 -1.591364e-03 1.274338e-02 -1.442054e-05
1.517000e+01 5.288205e-01 -2.085037e-03 1.628358e-02 -1.152112e-05
1.517000e+01 7.401737e-01 -2.614376e-03 2.019466e-02 -8.729148e-06
1.517000e+01 1.036455e+00 -3.160357e-03 2.532154e-02 -6.382177e-06
1.517000e+01 1.451071e+00 -3.754283e-03 3.225156e-02 -4.584783e-06
1.517000e+01 2.031429e+00 -4.467338e-03 4.048981e-02 -3.296990e-06
1.517000e+01 2.784068e+00 -5.077851e-03 4.444272e-02 -2.543216e-06
1.517000e+01 3.580407e+00 -4.580369e-03 3.702176e-02 -3.650836e-06
1.549000e+01 2.094395e-02 -8.718325e-06 7.047403e-05 -3.898953e-06
1.549000e+01 3.183814e-02 -2.766145e-05 2.491905e-04 -7.985172e-06
1.549000e+01 4.770840e-02 -1.104891e-04 1.206171e-03 -1.923369e-05
1.549000e+01 7.025257e-02 -1.717488e-04 1.695413e-03 -1.743845e-05
1.549000e+01 9.773653e-02 -2.723684e-04 2.837107e-03 -1.897681e-05
1.549000e+01 1.368335e-01 -5.006460e-04 4.829792e-03 -1.994622e-05
1.549000e+01 1.929536e-01 -7.067528e-04 6.798670e-03 -1.733091e-05
1.549000e+01 2.695639e-01 -9.320912e-04 8.899656e-03 -1.407101e-05
1.549000e+01 3.777252e-01 -1.304205e-03 1.225504e-02 -1.181838e-05
1.549000e+01 5.288205e-01 -1.711477e-03 1.569178e-02 -9.456973e-06
1.549000e+01 7.401737e-01 -2.163662e-03 1.952824e-02 -7.224259e-06
1.549000e+01 1.036455e+00 -2.652765e-03 2.467349e-02 -5.357120e-06
1.549000e+01 1.451071e+00 -3.203386e-03 3.163818e-02 -3.912021e-06
1.549000e+01 2.031429e+00 -3.875734e-03 3.972096e-02 -2.860374e-06
1.549000e+01 2.784068e+00 -4.448236e-03 4.355553e-02 -2.227877e-06
1.549000e+01 3.580407e+00 -4.063139e-03 3.638986e-02 -3.238572e-06
1.582000e+01 2.094395e-02 -7.061866e-06 6.773762e-05 -3.158163e-06
1.582000e+01 3.183814e-02 -2.232684e-05 2.395252e-04 -6.445205e-06
1.582000e+01 4.770840e-02 -8.970362e-05 1.159362e-03 -1.561540e-05
1.582000e+01 7.025257e-02 -1.399098e-04 1.630049e-03 -1.420569e-05
1.582000e+01 9.773653e-02 -2.206405e-04 2.727376e-03 -1.537275e-05
1.582000e+01 1.368335e-01 -4.098886e-04 4.642134e-03 -1.633035e-05
1.582000e+01 1.929536e-01 -5.751580e-04 6.534564e-03 -1.410396e-05
1.582000e+01 2.695639e-01 -7.584224e-04 8.556631e-03 -1.144927e-05
1.582000e+01 3.777252e-01 -1.061103e-03 1.178273e-02 -9.615449e-06
1.582000e+01 5.288205e-01 -1.399450e-03 1.511601e-02 -7.732832e-06
1.582000e+01 7.401737e-01 -1.781980e-03 1.889866e-02 -5.949859e-06
1.582000e+01 1.036455e+00 -2.213006e-03 2.406485e-02 -4.469050e-06
1.582000e+01 1.451071e+00 -2.720058e-03 3.104204e-02 -3.321774e-06
1.582000e+01 2.031429e+00 -3.331713e-03 3.895799e-02 -2.458875e-06
1.582000e+01 2.784068e+00 -3.869755e-03 4.268213e-02 -1.938147e-06
1.582000e+01 3.580407e+00 -3.531840e-03 3.570375e-02 -2.815093e-06
1.616000e+01 2.094395e-02 -5.934846e-06 6.509057e-05 -2.654144e-06
1.616000e+01 3.183814e-02 -1.763794e-05 2.301253e-04 -5.091634e-06
1.616000e+01 4.770840e-02 -7.254814e-05 1.114052e-03 -1.262901e-05
1.616000e+01 7.025257e-02 -1.127222e-04 1.566557e-03 -1.144520e-05
1.616000e+01 9.773653e-02 -1.776136e-04 2.620512e-03 -1.237493e-05
1.616000e+01 1.368335e-01 -3.300700e-04 4.458900e-03 -1.315030e-05
1.616000e+01 1.929536e-01 -4.652825e-04 6.278605e-03 -1.140961e-05
1.616000e+01 2.695639e-01 -6.104082e-04 8.224539e-03 -9.214824e-06
1.616000e+01 3.777252e-01 -8.599916e-04 1.132304e-02 -7.793027e-06
1.616000e+01 5.288205e-01 -1.136088e-03 1.455680e-02 -6.277594e-06
1.616000e+01 7.401737e-01 -1.450161e-03 1.827834e-02 -4.841947e-06
1.616000e+01 1.036455e+00 -1.825586e-03 2.347305e-02 -3.686676e-06
1.616000e+01 1.451071e+00 -2.288268e-03 3.047584e-02 -2.794465e-06
1.616000e+01 2.031429e+00 -2.851677e-03 3.822393e-02 -2.104599e-06
1.616000e+01 2.784068e+00 -3.351447e-03 4.179990e-02 -1.678555e-06
1.616000e+01 3.580407e+00 -3.087383e-03 3.506096e-02 -2.460834e-06
1.650000e+01 2.094395e-02 -4.882546e-06 6.259327e-05 -2.183541e-06
1.650000e+01 3.183814e-02 -1.396433e-05 2.213119e-04 -4.031154e-06
1.650000e+01 4.770840e-02 -5.842064e-05 1.071265e-03 -1.016973e-05
1.650000e+01 7.025257e-02 -9.042768e-05 1.506854e-03 -9.181540e-06
1.650000e+01 9.773653e-02 -1.421599e-04 2.520184e-03 -9.904748e-06
1.650000e+01 1.368335e-01 -2.650491e-04 4.286357e-03 -1.055981e-05
1.650000e+01 1.929536e-01 -3.741262e-04 6.037456e-03 -9.174281e-06
1.650000e+01 2.695639e-01 -4.880278e-04 7.910370e-03 -7.367349e-06
1.650000e+01 3.777252e-01 -6.909791e-04 1.089267e-02 -6.261479e-06
1.650000e+01 5.288205e-01 -9.163635e-04 1.403792e-02 -5.063478e-06
1.650000e+01 7.401737e-01 -1.175816e-03 1.770688e-02 -3.925936e-06
1.650000e+01 1.036455e+00 -1.501601e-03 2.292841e-02 -3.032406e-06
1.650000e+01 1.451071e+00 -1.913428e-03 2.993630e-02 -2.336706e-06
1.650000e+01 2.031429e+00 -2.425427e-03 3.749561e-02 -1.790017e-06
1.650000e+01 2.784068e+00 -2.871382e-03 4.097173e-02 -1.438117e-06
1.650000e+01 3.580407e+00 -2.654277e-03 3.452575e-02 -2.115622e-06
1.685000e+01 2.094395e-02 -3.954585e-06 6.016775e-05 -1.768544e-06
1.685000e+01 3.183814e-02 -1.098785e-05 2.127139e-04 -3.171919e-06
1.685000e+01 4.770840e-02 -4.605768e-05 1.029790e-03 -8.017613e-06
1.685000e+01 7.025257e-02 -7.221746e-05 1.448633e-03 -7.332572e-06
1.685000e+01 9.773653e-02 -1.118896e-04 2.422772e-03 -7.795720e-06
1.685000e+01 1.368335e-01 -2.113294e-04 4.118559e-03 -8.419564e-06
1.685000e+01 1.929536e-01 -2.982210e-04 5.804426e-03 -7.312942e-06
1.685000e+01 2.695639e-01 -3.882242e-04 7.603818e-03 -5.860698e-06
1.685000e+01 3.777252e-01 -5.518642e-04 1.047565e-02 -5.000854e-06
1.685000e+01 5.288205e-01 -7.326684e-04 1.353630e-02 -4.048448e-06
1.685000e+01 7.401737e-01 -9.448193e-04 1.716496e-02 -3.154660e-06
1.685000e+01 1.036455e+00 -1.222066e-03 2.240927e-02 -2.467898e-06
1.685000e+01 1.451071e+00 -1.587627e-03 2.939491e-02 -1.938833e-06
1.685000e+01 2.031429e+00 -2.047416e-03 3.676484e-02 -1.511036e-06
1.685000e+01 2.784068e+00 -2.437576e-03 4.015251e-02 -1.220848e-06
1.685000e+01 3.580407e+00 -2.267692e-03 3.398426e-02 -1.807490e-06
1.721000e+01 2.094395e-02 -3.163657e-06 5.781723e-05 -1.414830e-06
1.721000e+01 3.183814e-02 -8.600712e-06 2.043991e-04 -2.482812e-06
1.721000e+01 4.770840e-02 -3.706693e-05 9.896034e-04 -6.452525e-06
1.721000e+01 7.025257e-02 -5.732460e-05 1.392059e-03 -5.820432e-06
1.721000e+01 9.773653e-02 -8.849568e-05 2.327813e-03 -6.165786e-06
1.721000e+01 1.368335e-01 -1.667791e-04 3.955949e-03 -6.644637e-06
1.721000e+01 1.929536e-01 -2.363154e-04 5.577523e-03 -5.794899e-06
1.721000e+01 2.695639e-01 -3.083125e-04 7.307656e-03 -4.654336e-06
1.721000e+01 3.777252e-01 -4.381986e-04 1.007500e-02 -3.970846e-06
1.721000e+01 5.288205e-01 -5.828606e-04 1.304674e-02 -3.220667e-06
1.721000e+01 7.401737e-01 -7.558866e-04 1.664250e-02 -2.523832e-06
1.721000e+01 1.036455e+00 -9.933168e-04 2.190585e-02 -2.005952e-06
1.721000e+01 1.451071e+00 -1.316671e-03 2.888300e-02 -1.607938e-06
1.721000e+01 2.031429e+00 -1.719994e-03 3.603027e-02 -1.269392e-06
1.721000e+01 2.784068e+00 -2.069198e-03 3.936333e-02 -1.036348e-06
1.721000e+01 3.580407e+00 -1.931476e-03 3.347581e-02 -1.539505e-06
1.757000e+01 2.094395e-02 -2.559205e-06 5.559965e-05 -1.144511e-06
1.757000e+01 3.183814e-02 -6.654792e-06 1.965602e-04 -1.921073e-06
1.757000e+01 4.770840e-02 -2.936315e-05 9.517496e-04 -5.111468e-06
1.757000e+01 7.025257e-02 -4.542448e-05 1.338945e-03 -4.612157e-06
1.757000e+01 9.773653e-02 -7.024519e-05 2.239516e-03 -4.894214e-06
1.757000e+01 1.368335e-01 -1.322078e-04 3.803412e-03 -5.267286e-06
1.757000e+01 1.929536e-01 -1.865060e-04 5.366148e-03 -4.573480e-06
1.757000e+01 2.695639e-01 -2.426399e-04 7.031229e-03 -3.662932e-06
1.757000e+01 3.777252e-01 -3.476305e-04 9.698378e-03 -3.150140e-06
1.757000e+01 5.288205e-01 -4.630024e-04 1.259003e-02 -2.558376e-06
1.757000e+01 7.401737e-01 -6.039895e-04 1.616326e-02 -2.016662e-06
1.757000e+01 1.036455e+00 -8.047737e-04 2.144890e-02 -1.625199e-06
1.757000e+01 1.451071e+00 -1.080849e-03 2.836019e-02 -1.319948e-06
1.757000e+01 2.031429e+00 -1.433143e-03 3.532641e-02 -1.057690e-06
1.757000e+01 2.784068e+00 -1.738244e-03 3.860481e-02 -8.705906e-07
1.757000e+01 3.580407e+00 -1.633537e-03 3.298831e-02 -1.302029e-06
1.794000e+01 2.094395e-02 -2.007971e-06 5.345710e-05 -8.979918e-07
1.794000e+01 3.183814e-02 -5.218485e-06 1.889415e-04 -1.506447e-06
1.794000e+01 4.770840e-02 -2.321346e-05 9.152206e-04 -4.040944e-06
1.794000e+01 7.025257e-02 -3.601081e-05 1.287307e-03 -3.656344e-06
1.794000e+01 9.773653e-02 -5.581971e-05 2.153809e-03 -3.889144e-06
1.794000e+01 1.368335e-01 -1.051807e-04 3.656281e-03 -4.190498e-06
1.794000e+01 1.929536e-01 -1.469121e-04 5.159657e-03 -3.602561e-06
1.794000e+01 2.695639e-01 -1.905344e-04 6.762174e-03 -2.876339e-06
1.794000e+01 3.777252e-01 -2.752299e-04 9.336398e-03 -2.494064e-06
1.794000e+01 5.288205e-01 -3.657684e-04 1.214853e-02 -2.021097e-06
1.794000e+01 7.401737e-01 -4.819356e-04 1.569952e-02 -1.609136e-06
1.794000e+01 1.036455e+00 -6.493385e-04 2.100188e-02 -1.311305e-06
1.794000e+01 1.451071e+00 -8.846331e-04 2.785956e-02 -1.080327e-06
1.794000e+01 2.031429e+00 -1.182264e-03 3.461927e-02 -8.725357e-07
1.794000e+01 2.784068e+00 -1.443381e-03 3.788576e-02 -7.229102e-07
1.794000e+01 3.580407e+00 -1.367114e-03 3.262901e-02 -1.089674e-06
1.832000e+01 2.094395e-02 -1.563055e-06 5.137255e-05 -6.990195e-07
1.832000e+01 3.183814e-02 -4.046494e-06 1.815390e-04 -1.168122e-06
1.832000e+01 4.770840e-02 -1.814274e-05 8.796920e-04 -3.158246e-06
1.832000e+01 7.025257e-02 -2.815772e-05 1.237545e-03 -2.858983e-06
1.832000e+01 9.773653e-02 -4.315346e-05 2.070999e-03 -3.006644e-06
1.832000e+01 1.368335e-01 -8.144838e-05 3.514226e-03 -3.244981e-06
1.832000e+01 1.929536e-01 -1.143015e-04 4.960103e-03 -2.802889e-06
1.832000e+01 2.695639e-01 -1.482299e-04 6.501652e-03 -2.237703e-06
1.832000e+01 3.777252e-01 -2.138557e-04 8.985124e-03 -1.937907e-06
1.832000e+01 5.288205e-01 -2.859234e-04 1.172309e-02 -1.579904e-06
1.832000e+01 7.401737e-01 -3.783221e-04 1.526857e-02 -1.263181e-06
1.832000e+01 1.036455e+00 -5.144171e-04 2.055819e-02 -1.038839e-06
1.832000e+01 1.451071e+00 -7.116249e-04 2.734795e-02 -8.690464e-07
1.832000e+01 2.031429e+00 -9.634427e-04 3.391128e-02 -7.110412e-07
1.832000e+01 2.784068e+00 -1.183585e-03 3.719239e-02 -5.927924e-07
1.832000e+01 3.580407e+00 -1.114885e-03 3.218542e-02 -8.886320e-07
1.871000e+01 2.094395e-02 -1.217888e-06 4.936054e-05 -5.446559e-07
1.871000e+01 3.183814e-02 -3.234491e-06 1.743876e-04 -9.337170e-07
1.871000e+01 4.770840e-02 -1.400189e-05 8.452145e-04 -2.437416e-06
1.871000e+01 7.025257e-02 -2.182094e-05 1.189001e-03 -2.215580e-06
1.871000e+01 9.773653e-02 -3.354360e-05 1.990497e-03 -2.337093e-06
1.871000e+01 1.368335e-01 -6.276233e-05 3.376839e-03 -2.500511e-06
1.871000e+01 1.929536e-01 -8.858546e-05 4.767327e-03 -2.172282e-06
1.871000e+01 2.695639e-01 -1.146425e-04 6.249690e-03 -1.730663e-06
1.871000e+01 3.777252e-01 -1.660419e-04 8.649612e-03 -1.504630e-06
1.871000e+01 5.288205e-01 -2.207260e-04 1.131681e-02 -1.219648e-06
1.871000e+01 7.401737e-01 -2.962750e-04 1.484571e-02 -9.892335e-07
1.871000e+01 1.036455e+00 -4.075623e-04 2.015544e-02 -8.230508e-07
1.871000e+01 1.451071e+00 -5.687335e-04 2.684308e-02 -6.945454e-07
1.871000e+01 2.031429e+00 -7.765773e-04 3.321309e-02 -5.731306e-07
1.871000e+01 2.784068e+00 -9.600510e-04 3.649759e-02 -4.808367e-07
1.871000e+01 3.580407e+00 -9.036588e-04 3.181844e-02 -7.202716e-07
1.910000e+01 2.094395e-02 -1.235916e-09 4.745959e-05 -5.527185e-10
1.910000e+01 3.183814e-02 -4.288423e-09 1.676533e-04 -1.237961e-09
1.910000e+01 4.770840e-02 -1.378989e-08 8.128629e-04 -2.400512e-09
1.910000e+01 7.025257e-02 -1.746308e-08 1.143530e-03 -1.773107e-09
1.910000e+01 9.773653e-02 -2.076652e-08 1.914869e-03 -1.446872e-09
1.910000e+01 1.368335e-01 -2.628115e-08 3.247229e-03 -1.047066e-09
1.910000e+01 1.929536e-01 -1.710100e-08 4.586474e-03 -4.193489e-10
1.910000e+01 2.695639e-01 5.029125e-09 6.014514e-03 7.592051e-11
1.910000e+01 3.777252e-01 3.767764e-08 8.329669e-03 3.414253e-10
1.910000e+01 5.288205e-01 7.602677e-08 1.093911e-02 4.200951e-10
1.910000e+01 7.401737e-01 1.057361e-07 1.446151e-02 3.530424e-10
1.910000e+01 1.036455e+00 1.143601e-07 1.977224e-02 2.309444e-10
1.910000e+01 1.451071e+00 9.064587e-08 2.635335e-02 1.106980e-10
1.910000e+01 2.031429e+00 4.793340e-08 3.257433e-02 3.537586e-11
1.910000e+01 2.784068e+00 1.970015e-08 3.586158e-02 9.866722e-12
1.910000e+01 3.580407e+00 6.899972e-09 3.146528e-02 5.499702e-12
1.951000e+01 2.094395e-02 -7.854969e-10 4.557985e-05 -3.512849e-10
1.951000e+01 3.183814e-02 -2.697115e-09 1.609687e-04 -7.785899e-10
1.951000e+01 4.770840e-02 -7.747069e-09 7.807191e-04 -1.348592e-09
1.951000e+01 7.025257e-02 -9.845631e-09 1.098433e-03 -9.996724e-10
1.951000e+01 9.773653e-02 -1.017867e-08 1.839456e-03 -7.091815e-10
1.951000e+01 1.368335e-01 -1.095178e-08 3.119173e-03 -4.363292e-10
1.951000e+01 1.929536e-01 -9.730104e-10 4.406459e-03 -2.386005e-11
1.951000e+01 2.695639e-01 1.935668e-08 5.780643e-03 2.922117e-10
1.951000e+01 3.777252e-01 4.959585e-08 8.018359e-03 4.494251e-10
1.951000e+01 5.288205e-01 8.351501e-08 1.056513e-02 4.614723e-10
1.951000e+01 7.401737e-01 1.092183e-07 1.408307e-02 3.646693e-10
1.951000e+01 1.036455e+00 1.147377e-07 1.937219e-02 2.317068e-10
1.951000e+01 1.451071e+00 9.049200e-08 2.585730e-02 1.105101e-10
1.951000e+01 2.031429e+00 4.763663e-08 3.189375e-02 3.515684e-11
1.951000e+01 2.784068e+00 1.886139e-08 3.523720e-02 9.446631e-12
1.951000e+01 3.580407e+00 6.464073e-09 3.117965e-02 5.152264e-12
1.992000e+01 2.094395e-02 -4.252192e-10 4.381023e-05 -1.901638e-10
1.992000e+01 3.183814e-02 -1.480084e-09 1.546672e-04 -4.272634e-10
1.992000e+01 4.770840e-02 -3.332522e-09 7.502634e-04 -5.801177e-10
1.992000e+01 7.025257e-02 -3.998698e-09 1.055846e-03 -4.060063e-10
1.992000e+01 9.773653e-02 -2.117254e-09 1.768147e-03 -1.475160e-10
1.992000e+01 1.368335e-01 8.276929e-10 2.998354e-03 3.297608e-11
1.992000e+01 1.929536e-01 1.159911e-08 4.235411e-03 2.844320e-10
1.992000e+01 2.695639e-01 3.030571e-08 5.560701e-03 4.575000e-10
1.992000e+01 3.777252e-01 5.849782e-08 7.726611e-03 5.300926e-10
1.992000e+01 5.288205e-01 8.857863e-08 1.021701e-02 4.894519e-10
1.992000e+01 7.401737e-01 1.109055e-07 1.373041e-02 3.703027e-10
1.992000e+01 1.036455e+00 1.139404e-07 1.899714e-02 2.300966e-10
1.992000e+01 1.451071e+00 8.945416e-08 2.537552e-02 1.092427e-10
1.992000e+01 2.031429e+00 4.668673e-08 3.124492e-02 3.445580e-11
1.992000e+01 2.784068e+00 1.768423e-08 3.467387e-02 8.857056e-12
1.992000e+01 3.580407e+00 6.261687e-09 3.082930e-02 4.990950e-12
2.034000e+01 2.094395e-02 -1.689438e-10 4.210159e-05 -7.555395e-11
2.034000e+01 3.183814e-02 -5.716792e-10 1.485668e-04 -1.650296e-10
2.034000e+01 4.770840e-02 6.943456e-11 7.209447e-04 1.208701e-11
2.034000e+01 7.025257e-02 3.879610e-10 1.014809e-03 3.939147e-11
2.034000e+01 9.773653e-02 3.859408e-09 1.699667e-03 2.688977e-10
2.034000e+01 1.368335e-01 9.707604e-09 2.881523e-03 3.867602e-10
2.034000e+01 1.929536e-01 2.100650e-08 4.070221e-03 5.151191e-10
2.034000e+01 2.695639e-01 3.836044e-08 5.348537e-03 5.790956e-10
2.034000e+01 3.777252e-01 6.468127e-08 7.444804e-03 5.861254e-10
2.034000e+01 5.288205e-01 9.147995e-08 9.885863e-03 5.054835e-10
2.034000e+01 7.401737e-01 1.108506e-07 1.339365e-02 3.701193e-10
2.034000e+01 1.036455e+00 1.121423e-07 1.864716e-02 2.264655e-10
2.034000e+01 1.451071e+00 8.780029e-08 2.489826e-02 1.072230e-10
2.034000e+01 2.031429e+00 4.519866e-08 3.060585e-02 3.335758e-11
2.034000e+01 2.784068e+00 1.619311e-08 3.407910e-02 8.110237e-12
2.034000e+01 3.580407e+00 5.280883e-09 3.053587e-02 4.209189e-12
2.076000e+01 2.094395e-02 3.341632e-11 4.048640e-05 1.494423e-11
2.076000e+01 3.183814e-02 9.066699e-11 1.428384e-04 2.617331e-11
2.076000e+01 4.770840e-02 2.429383e-09 6.933725e-04 4.229013e-10
2.076000e+01 7.025257e-02 3.550367e-09 9.760498e-04 3.604852e-10
2.076000e+01 9.773653e-02 8.159057e-09 1.634570e-03 5.684684e-10
2.076000e+01 1.368335e-01 1.613998e-08 2.771354e-03 6.430322e-10
2.076000e+01 1.929536e-01 2.768066e-08 3.914859e-03 6.787820e-10
2.076000e+01 2.695639e-01 4.400445e-08 5.148552e-03 6.642985e-10
2.076000e+01 3.777252e-01 6.864012e-08 7.180534e-03 6.219995e-10
2.076000e+01 5.288205e-01 9.266318e-08 9.577799e-03 5.120216e-10
2.076000e+01 7.401737e-01 1.095363e-07 1.306953e-02 3.657311e-10
2.076000e+01 1.036455e+00 1.093364e-07 1.829701e-02 2.207992e-10
2.076000e+01 1.451071e+00 8.552037e-08 2.441874e-02 1.044387e-10
2.076000e+01 2.031429e+00 4.330438e-08 3.000050e-02 3.195955e-11
2.076000e+01 2.784068e+00 1.425991e-08 3.348559e-02 7.142004e-12
2.076000e+01 3.580407e+00 4.435686e-09 3.024485e-02 3.535515e-12
2.120000e+01 2.094395e-02 1.097337e-10 3.888050e-05 4.907439e-11
2.120000e+01 3.183814e-02 5.525164e-10 1.371388e-04 1.594977e-10
2.120000e+01 4.770840e-02 4.216337e-09 6.660702e-04 7.339700e-10
2.120000e+01 7.025257e-02 5.749281e-09 9.377929e-04 5.837511e-10
2.120000e+01 9.773653e-02 1.111050e-08 1.570349e-03 7.741051e-10
2.120000e+01 1.368335e-01 2.042104e-08 2.663342e-03 8.135938e-10
2.120000e+01 1.929536e-01 3.224132e-08 3.761832e-03 7.906179e-10
2.120000e+01 2.695639e-01 4.746355e-08 4.952943e-03 7.165176e-10
2.120000e+01 3.777252e-01 7.068179e-08 6.922329e-03 6.405006e-10
2.120000e+01 5.288205e-01 9.232772e-08 9.276639e-03 5.101680e-10
2.120000e+01 7.401737e-01 1.070895e-07 1.275963e-02 3.575613e-10
2.120000e+01 1.036455e+00 1.060219e-07 1.795139e-02 2.141057e-10
2.120000e+01 1.451071e+00 8.258247e-08 2.390534e-02 1.008509e-10
2.120000e+01 2.031429e+00 4.097341e-08 2.937211e-02 3.023925e-11
2.120000e+01 2.784068e+00 1.193808e-08 3.294715e-02 5.979129e-12
2.120000e+01 3.580407e+00 3.290777e-09 3.004490e-02 2.622952e-12
2.164000e+01 2.094395e-02 2.217927e-10 3.737260e-05 9.918871e-11
2.164000e+01 3.183814e-02 8.671395e-10 1.318283e-04 2.503216e-10
2.164000e+01 4.770840e-02 5.264382e-09 6.403745e-04 9.164112e-10
2.164000e+01 7.025257e-02 7.223871e-09 9.020787e-04 7.334730e-10
2.164000e+01 9.773653e-02 1.304299e-08 1.509751e-03 9.087482e-10
2.164000e+01 1.368335e-01 2.329445e-08 2.561510e-03 9.280731e-10
2.164000e+01 1.929536e-01 3.502588e-08 3.617740e-03 8.589008e-10
2.164000e+01 2.695639e-01 4.936643e-08 4.768932e-03 7.452438e-10
2.164000e+01 3.777252e-01 7.121155e-08 6.680208e-03 6.453011e-10
2.164000e+01 5.288205e-01 9.080122e-08 8.999037e-03 5.017331e-10
2.164000e+01 7.401737e-01 1.038267e-07 1.246887e-02 3.466674e-10
2.164000e+01 1.036455e+00 1.019704e-07 1.762088e-02 2.059240e-10
2.164000e+01 1.451071e+00 7.944695e-08 2.342635e-02 9.702175e-11
2.164000e+01 2.031429e+00 3.870161e-08 2.878246e-02 2.856261e-11
2.164000e+01 2.784068e+00 8.935799e-09 3.242738e-02 4.475450e-12
2.164000e+01 3.580407e+00 1.608784e-09 2.983278e-02 1.282300e-12
2.209000e+01 2.094395e-02 3.060095e-10 3.592009e-05 1.368516e-10
2.209000e+01 3.183814e-02 1.066965e-09 1.267409e-04 3.080061e-10
2.209000e+01 4.770840e-02 5.821577e-09 6.155724e-04 1.013407e-09
2.209000e+01 7.025257e-02 8.104370e-09 8.673397e-04 8.228741e-10
2.209000e+01 9.773653e-02 1.424284e-08 1.451108e-03 9.923458e-10
2.209000e+01 1.368335e-01 2.487266e-08 2.462594e-03 9.909504e-10
2.209000e+01 1.929536e-01 3.645336e-08 3.478777e-03 8.939051e-10
2.209000e+01 2.695639e-01 4.995967e-08 4.591580e-03 7.541995e-10
2.209000e+01 3.777252e-01 7.048519e-08 6.447775e-03 6.387191e-10
2.209000e+01 5.288205e-01 8.840298e-08 8.734679e-03 4.884814e-10
2.209000e+01 7.401737e-01 9.983105e-08 1.218975e-02 3.333262e-10
2.209000e+01 1.036455e+00 9.752923e-08 1.729946e-02 1.969552e-10
2.209000e+01 1.451071e+00 7.609018e-08 2.294916e-02 9.292241e-11
2.209000e+01 2.031429e+00 3.631551e-08 2.821910e-02 2.680162e-11
2.209000e+01 2.784068e+00 5.658554e-09 3.195026e-02 2.834058e-12
2.209000e+01 3.580407e+00 -2.552863e-10 2.965704e-02 -2.034789e-13
2.256000e+01 2.094395e-02 3.324886e-10 3.448399e-05 1.486934e-10
2.256000e+01 3.183814e-02 1.179911e-09 1.216863e-04 3.406109e-10
2.256000e+01 4.770840e-02 6.275342e-09 5.911046e-04 1.092397e-09
2.256000e+01 7.025257e-02 8.564559e-09 8.329032e-04 8.695992e-10
2.256000e+01 9.773653e-02 1.478660e-08 1.393032e-03 1.030231e-09
2.256000e+01 1.368335e-01 2.552526e-08 2.365725e-03 1.016951e-09
2.256000e+01 1.929536e-01 3.682131e-08 3.341457e-03 9.029281e-10
2.256000e+01 2.695639e-01 4.952163e-08 4.417391e-03 7.475867e-10
2.256000e+01 3.777252e-01 6.880897e-08 6.220573e-03 6.235296e-10
2.256000e+01 5.288205e-01 8.516514e-08 8.476449e-03 4.705903e-10
2.256000e+01 7.401737e-01 9.538892e-08 1.191727e-02 3.184943e-10
2.256000e+01 1.036455e+00 9.270700e-08 1.696487e-02 1.872170e-10
2.256000e+01 1.451071e+00 7.225949e-08 2.246445e-02 8.824432e-11
2.256000e+01 2.031429e+00 3.387280e-08 2.762735e-02 2.499884e-11
2.256000e+01 2.784068e+00 2.667330e-09 3.144172e-02 1.335919e-12
2.256000e+01 3.580407e+00 -2.048770e-09 2.943255e-02 -1.632996e-12
2.303000e+01 2.094395e-02 3.506317e-10 3.313324e-05 1.568072e-10
2.303000e+01 3.183814e-02 1.231775e-09 1.169612e-04 3.555827e-10
2.303000e+01 4.770840e-02 6.270484e-09 5.681911e-04 1.091551e-09
2.303000e+01 7.025257e-02 8.714739e-09 8.007527e-04 8.848477e-10
2.303000e+01 9.773653e-02 1.485604e-08 1.338713e-03 1.035070e-09
2.303000e+01 1.368335e-01 2.548190e-08 2.275196e-03 1.015223e-09
2.303000e+01 1.929536e-01 3.639627e-08 3.212939e-03 8.925051e-10
2.303000e+01 2.695639e-01 4.837543e-08 4.254510e-03 7.302836e-10
2.303000e+01 3.777252e-01 6.647613e-08 6.010361e-03 6.023900e-10
2.303000e+01 5.288205e-01 8.149061e-08 8.236805e-03 4.502862e-10
2.303000e+01 7.401737e-01 9.056164e-08 1.166047e-02 3.023765e-10
2.303000e+01 1.036455e+00 8.758658e-08 1.663852e-02 1.768766e-10
2.303000e+01 1.451071e+00 6.813115e-08 2.199940e-02 8.320273e-11
2.303000e+01 2.031429e+00 3.186728e-08 2.706363e-02 2.351873e-11
2.303000e+01 2.784068e+00 1.415027e-09 3.098181e-02 7.087093e-13
2.303000e+01 3.580407e+00 -2.862514e-09 2.926639e-02 -2.281600e-12
2.351000e+01 2.094395e-02 3.445181e-10 3.183877e-05 1.540732e-10
2.351000e+01 3.183814e-02 1.238858e-09 1.124109e-04 3.576275e-10
2.351000e+01 4.770840e-02 6.143760e-09 5.461902e-04 1.069491e-09
2.351000e+01 7.025257e-02 8.640229e-09 7.697172e-04 8.772823e-10
2.351000e+01 9.773653e-02 1.449010e-08 1.286205e-03 1.009573e-09
2.351000e+01 1.368335e-01 2.497019e-08 2.187733e-03 9.948360e-10
2.351000e+01 1.929536e-01 3.545694e-08 3.089066e-03 8.694711e-10
2.351000e+01 2.695639e-01 4.662865e-08 4.097283e-03 7.039139e-10
2.351000e+01 3.777252e-01 6.365624e-08 5.808293e-03 5.768369e-10
2.351000e+01 5.288205e-01 7.748178e-08 8.013982e-03 4.281350e-10
2.351000e+01 7.401737e-01 8.556053e-08 1.141292e-02 2.856783e-10
2.351000e+01 1.036455e+00 8.213974e-08 1.629780e-02 1.658769e-10
2.351000e+01 1.451071e+00 6.367973e-08 2.152331e-02 7.776660e-11
2.351000e+01 2.031429e+00 3.073753e-08 2.652430e-02 2.268495e-11
2.351000e+01 2.784068e+00 2.887431e-09 3.052425e-02 1.446155e-12
2.351000e+01 3.580407e+00 -2.068578e-09 2.908898e-02 -1.648784e-12
2.400000e+01 2.094395e-02 3.434216e-10 3.059717e-05 1.535828e-10
2.400000e+01 3.183814e-02 1.216853e-09 1.080415e-04 3.512753e-10
2.400000e+01 4.770840e-02 6.098041e-09 5.249468e-04 1.061533e-09
2.400000e+01 7.025257e-02 8.378625e-09 7.399518e-04 8.507205e-10
2.400000e+01 9.773653e-02 1.405564e-08 1.235271e-03 9.793031e-10
2.400000e+01 1.368335e-01 2.411138e-08 2.103172e-03 9.606205e-10
2.400000e+01 1.929536e-01 3.400780e-08 2.971620e-03 8.339354e-10
2.400000e+01 2.695639e-01 4.453085e-08 3.946634e-03 6.722451e-10
2.400000e+01 3.777252e-01 6.044051e-08 5.614463e-03 5.476967e-10
2.400000e+01 5.288205e-01 7.317240e-08 7.798699e-03 4.043229e-10
2.400000e+01 7.401737e-01 8.040095e-08 1.117573e-02 2.684510e-10
2.400000e+01 1.036455e+00 7.677798e-08 1.597068e-02 1.550491e-10
2.400000e+01 1.451071e+00 5.918506e-08 2.106479e-02 7.227764e-11
2.400000e+01 2.031429e+00 2.950213e-08 2.596834e-02 2.177320e-11
2.400000e+01 2.784068e+00 4.419256e-09 3.005846e-02 2.213362e-12
2.400000e+01 3.580407e+00 -1.534740e-09 2.893709e-02 -1.223282e-12
2.450000e+01 2.094395e-02 3.162199e-10 2.940841e-05 1.414178e-10
2.450000e+01 3.183814e-02 1.172013e-09 1.038122e-04 3.383309e-10
2.450000e+01 4.770840e-02 5.763568e-09 5.044830e-04 1.003308e-09
2.450000e+01 7.025257e-02 8.040051e-09 7.111256e-04 8.163435e-10
2.450000e+01 9.773653e-02 1.346290e-08 1.186670e-03 9.380045e-10
2.450000e+01 1.368335e-01 2.301023e-08 2.021870e-03 9.167495e-10
2.450000e+01 1.929536e-01 3.240028e-08 2.858224e-03 7.945160e-10
2.450000e+01 2.695639e-01 4.215963e-08 3.802882e-03 6.364489e-10
2.450000e+01 3.777252e-01 5.700245e-08 5.430512e-03 5.165419e-10
2.450000e+01 5.288205e-01 6.876056e-08 7.594706e-03 3.799448e-10
2.450000e+01 7.401737e-01 7.520254e-08 1.093325e-02 2.510940e-10
2.450000e+01 1.036455e+00 7.133494e-08 1.565181e-02 1.440572e-10
2.450000e+01 1.451071e+00 5.468171e-08 2.059597e-02 6.677809e-11
2.450000e+01 2.031429e+00 2.829546e-08 2.545515e-02 2.088265e-11
2.450000e+01 2.784068e+00 5.915536e-09 2.961565e-02 2.962766e-12
2.450000e+01 3.580407e+00 -1.142992e-09 2.878775e-02 -9.110346e-13
2.501000e+01 2.094395e-02 2.886169e-10 2.827280e-05 1.290734e-10
2.501000e+01 3.183814e-02 1.114209e-09 9.976917e-05 3.216446e-10
2.501000e+01 4.770840e-02 5.470304e-09 4.848093e-04 9.522578e-10
2.501000e+01 7.025257e-02 7.616270e-09 6.834948e-04 7.733150e-10
2.501000e+01 9.773653e-02 1.271900e-08 1.140246e-03 8.861744e-10
2.501000e+01 1.368335e-01 2.173700e-08 1.944403e-03 8.660229e-10
2.501000e+01 1.929536e-01 3.058636e-08 2.749076e-03 7.500352e-10
2.501000e+01 2.695639e-01 3.960168e-08 3.666148e-03 5.978335e-10
2.501000e+01 3.777252e-01 5.345840e-08 5.256794e-03 4.844266e-10
2.501000e+01 5.288205e-01 6.428857e-08 7.401020e-03 3.552343e-10
2.501000e+01 7.401737e-01 7.006568e-08 1.070463e-02 2.339425e-10
2.501000e+01 1.036455e+00 6.602305e-08 1.532540e-02 1.333301e-10
2.501000e+01 1.451071e+00 5.023430e-08 2.013781e-02 6.134684e-11
2.501000e+01 2.031429e+00 2.707054e-08 2.493610e-02 1.997863e-11
2.501000e+01 2.784068e+00 7.385496e-09 2.917967e-02 3.698989e-12
2.501000e+01 3.580407e+00 -6.568654e-10 2.864961e-02 -5.235621e-13
2.553000e+01 2.094395e-02 2.702662e-10 2.718106e-05 1.208667e-10
2.553000e+01 3.183814e-02 1.048191e-09 9.589746e-05 3.025868e-10
2.553000e+01 4.770840e-02 5.141629e-09 4.659910e-04 8.950427e-10
2.553000e+01 7.025257e-02 7.153386e-09 6.569374e-04 7.263163e-10
2.553000e+01 9.773653e-02 1.191899e-08 1.095834e-03 8.304355e-10
2.553000e+01 1.368335e-01 2.036156e-08 1.870109e-03 8.112239e-10
2.553000e+01 1.929536e-01 2.862274e-08 2.644300e-03 7.018836e-10
2.553000e+01 2.695639e-01 3.697113e-08 3.534522e-03 5.581224e-10
2.553000e+01 3.777252e-01 4.979874e-08 5.090334e-03 4.512636e-10
2.553000e+01 5.288205e-01 5.981012e-08 7.218201e-03 3.304881e-10
2.553000e+01 7.401737e-01 6.496907e-08 1.048700e-02 2.169254e-10
2.553000e+01 1.036455e+00 6.081672e-08 1.499693e-02 1.228162e-10
2.553000e+01 1.451071e+00 4.595711e-08 1.969121e-02 5.612348e-11
2.553000e+01 2.031429e+00 2.584012e-08 2.441195e-02 1.907056e-11
2.553000e+01 2.784068e+00 8.698988e-09 2.876110e-02 4.356844e-12
2.553000e+01 3.580407e+00 -3.562306e-10 2.852587e-02 -2.839377e-13
2.606000e+01 2.094395e-02 2.547518e-10 2.613617e-05 1.139285e-10
2.606000e+01 3.183814e-02 9.765489e-10 9.219469e-05 2.819054e-10
2.606000e+01 4.770840e-02 4.837926e-09 4.479079e-04 8.421747e-10
2.606000e+01 7.025257e-02 6.654555e-09 6.314839e-04 6.756677e-10
2.606000e+01 9.773653e-02 1.109244e-08 1.053334e-03 7.728466e-10
2.606000e+01 1.368335e-01 1.895205e-08 1.798870e-03 7.550679e-10
2.606000e+01 1.929536e-01 2.654901e-08 2.544204e-03 6.510319e-10
2.606000e+01 2.695639e-01 3.428800e-08 3.409989e-03 5.176174e-10
2.606000e+01 3.777252e-01 4.615494e-08 4.935398e-03 4.182445e-10
2.606000e+01 5.288205e-01 5.533895e-08 7.043252e-03 3.057821e-10
2.606000e+01 7.401737e-01 5.995997e-08 1.027269e-02 2.002005e-10
2.606000e+01 1.036455e+00 5.582428e-08 1.467644e-02 1.127342e-10
2.606000e+01 1.451071e+00 4.187775e-08 1.924661e-02 5.114170e-11
2.606000e+01 2.031429e+00 2.455313e-08 2.394359e-02 1.812073e-11
2.606000e+01 2.784068e+00 9.752858e-09 2.836058e-02 4.884670e-12
2.606000e+01 3.580407e+00 1.314286e-10 2.837285e-02 1.047567e-13
2.660000e+01 2.094395e-02 2.734408e-10 2.513879e-05 1.222865e-10
2.660000e+01 3.183814e-02 9.044300e-10 8.865227e-05 2.610864e-10
2.660000e+01 4.770840e-02 4.455465e-09 4.304972e-04 7.755968e-10
2.660000e+01 7.025257e-02 6.149874e-09 6.070503e-04 6.244251e-10
2.660000e+01 9.773653e-02 1.016281e-08 1.012518e-03 7.080764e-10
2.660000e+01 1.368335e-01 1.749012e-08 1.730871e-03 6.968231e-10
2.660000e+01 1.929536e-01 2.449945e-08 2.448447e-03 6.007727e-10
2.660000e+01 2.695639e-01 3.159450e-08 3.291008e-03 4.769559e-10
2.660000e+01 3.777252e-01 4.251707e-08 4.787043e-03 3.852790e-10
2.660000e+01 5.288205e-01 5.095322e-08 6.877852e-03 2.815482e-10
2.660000e+01 7.401737e-01 5.504059e-08 1.005312e-02 1.837752e-10
2.660000e+01 1.036455e+00 5.104079e-08 1.435746e-02 1.030742e-10
2.660000e+01 1.451071e+00 3.806991e-08 1.880282e-02 4.649151e-11
2.660000e+01 2.031429e+00 2.325046e-08 2.349974e-02 1.715933e-11
2.660000e+01 2.784068e+00 1.068187e-08 2.797695e-02 5.349961e-12
2.660000e+01 3.580407e+00 7.172730e-10 2.829126e-02 5.717107e-13
2.715000e+01 2.094395e-02 2.429198e-10 2.418055e-05 1.086370e-10
2.715000e+01 3.183814e-02 8.299120e-10 8.526011e-05 2.395750e-10
2.715000e+01 4.770840e-02 3.949790e-09 4.138657e-04 6.875702e-10
2.715000e+01 7.025257e-02 5.641510e-09 5.835494e-04 5.728086e-10
2.715000e+01 9.773653e-02 9.400034e-09 9.734768e-04 6.549314e-10
2.715000e+01 1.368335e-01 1.603053e-08 1.665134e-03 6.386716e-10
2.715000e+01 1.929536e-01 2.247680e-08 2.356256e-03 5.511736e-10
2.715000e+01 2.695639e-01 2.893650e-08 3.177042e-03 4.368302e-10
2.715000e+01 3.777252e-01 3.889871e-08 4.644599e-03 3.524904e-10
2.715000e+01 5.288205e-01 4.660734e-08 6.721475e-03 2.575345e-10
2.715000e+01 7.401737e-01 5.026844e-08 9.846061e-03 1.678414e-10
2.715000e+01 1.036455e+00 4.642447e-08 1.405341e-02 9.375179e-11
2.715000e+01 1.451071e+00 3.473499e-08 1.838307e-02 4.241887e-11
2.715000e+01 2.031429e+00 2.224509e-08 2.303582e-02 1.641735e-11
2.715000e+01 2.784068e+00 1.084225e-08 2.756042e-02 5.430285e-12
2.715000e+01 3.580407e+00 9.978473e-10 2.821931e-02 7.953456e-13
2.771000e+01 2.094395e-02 2.091567e-10 2.326325e-05 9.353772e-11
2.771000e+01 3.183814e-02 7.552739e-10 8.197710e-05 2.180288e-10
2.771000e+01 4.770840e-02 3.716076e-09 3.978884e-04 6.468858e-10
2.771000e+01 7.025257e-02 5.131471e-09 5.608632e-04 5.210219e-10
2.771000e+01 9.773653e-02 8.412263e-09 9.362832e-04 5.861101e-10
2.771000e+01 1.368335e-01 1.460016e-08 1.601821e-03 5.816845e-10
2.771000e+01 1.929536e-01 2.043694e-08 2.267773e-03 5.011523e-10
2.771000e+01 2.695639e-01 2.630682e-08 3.067456e-03 3.971321e-10
2.771000e+01 3.777252e-01 3.536285e-08 4.509584e-03 3.204492e-10
2.771000e+01 5.288205e-01 4.231652e-08 6.570365e-03 2.338251e-10
2.771000e+01 7.401737e-01 4.558122e-08 9.643990e-03 1.521913e-10
2.771000e+01 1.036455e+00 4.206803e-08 1.373985e-02 8.495421e-11
2.771000e+01 1.451071e+00 3.170165e-08 1.797459e-02 3.871451e-11
2.771000e+01 2.031429e+00 2.128476e-08 2.260599e-02 1.570860e-11
2.771000e+01 2.784068e+00 1.063889e-08 2.717020e-02 5.328434e-12
2.771000e+01 3.580407e+00 1.062630e-09 2.814560e-02 8.469812e-13
2.829000e+01 2.094395e-02 1.914383e-10 2.236380e-05 8.561381e-11
2.829000e+01 3.183814e-02 6.826354e-10 7.878732e-05 1.970599e-10
2.829000e+01 4.770840e-02 3.345176e-09 3.823169e-04 5.823204e-10
2.829000e+01 7.025257e-02 4.631718e-09 5.386527e-04 4.702797e-10
2.829000e+01 9.773653e-02 7.755570e-09 9.000810e-04 5.403562e-10
2.829000e+01 1.368335e-01 1.319162e-08 1.540450e-03 5.255669e-10
2.829000e+01 1.929536e-01 1.844645e-08 2.182421e-03 4.523417e-10
2.829000e+01 2.695639e-01 2.370787e-08 2.962581e-03 3.578980e-10
2.829000e+01 3.777252e-01 3.189055e-08 4.380727e-03 2.889842e-10
2.829000e+01 5.288205e-01 3.811948e-08 6.417776e-03 2.106338e-10
2.829000e+01 7.401737e-01 4.106727e-08 9.446593e-03 1.371196e-10
2.829000e+01 1.036455e+00 3.781960e-08 1.343096e-02 7.637473e-11
2.829000e+01 1.451071e+00 2.876947e-08 1.758522e-02 3.513368e-11
2.829000e+01 2.031429e+00 2.015631e-08 2.217664e-02 1.487579e-11
2.829000e+01 2.784068e+00 1.049731e-08 2.681664e-02 5.257523e-12
2.829000e+01 3.580407e+00 1.365310e-09 2.804735e-02 1.088236e-12
2.887000e+01 2.094395e-02 1.762110e-10 2.151725e-05 7.880397e-11
2.887000e+01 3.183814e-02 6.100297e-10 7.578403e-05 1.761004e-10
2.887000e+01 4.770840e-02 2.855915e-09 3.676399e-04 4.971509e-10
2.887000e+01 7.025257e-02 4.133685e-09 5.177980e-04 4.197122e-10
2.887000e+01 9.773653e-02 6.921003e-09 8.659231e-04 4.822091e-10
2.887000e+01 1.368335e-01 1.176377e-08 1.482381e-03 4.686798e-10
2.887000e+01 1.929536e-01 1.642240e-08 2.102599e-03 4.027082e-10
2.887000e+01 2.695639e-01 2.118842e-08 2.864797e-03 3.198639e-10
2.887000e+01 3.777252e-01 2.849350e-08 4.260352e-03 2.582010e-10
2.887000e+01 5.288205e-01 3.404175e-08 6.274694e-03 1.881018e-10
2.887000e+01 7.401737e-01 3.665345e-08 9.252869e-03 1.223823e-10
2.887000e+01 1.036455e+00 3.373939e-08 1.312947e-02 6.813494e-11
2.887000e+01 1.451071e+00 2.587834e-08 1.721327e-02 3.160300e-11
2.887000e+01 2.031429e+00 1.885220e-08 2.175478e-02 1.391332e-11
2.887000e+01 2.784068e+00 1.041802e-08 2.644985e-02 5.217814e-12
2.887000e+01 3.580407e+00 1.749404e-09 2.794519e-02 1.394382e-12
2.947000e+01 2.094395e-02 1.452427e-10 2.069083e-05 6.495449e-11
2.947000e+01 3.183814e-02 5.389349e-10 7.285785e-05 1.555771e-10
2.947000e+01 4.770840e-02 2.552818e-09 3.533852e-04 4.443886e-10
2.947000e+01 7.025257e-02 3.662718e-09 4.974439e-04 3.718927e-10
2.947000e+01 9.773653e-02 6.095257e-09 8.331339e-04 4.246766e-10
2.947000e+01 1.368335e-01 1.037256e-08 1.425972e-03 4.132527e-10
2.947000e+01 1.929536e-01 1.453057e-08 2.024974e-03 3.563169e-10
2.947000e+01 2.695639e-01 1.871932e-08 2.770004e-03 2.825899e-10
2.947000e+01 3.777252e-01 2.516624e-08 4.144751e-03 2.280502e-10
2.947000e+01 5.288205e-01 3.004883e-08 6.135569e-03 1.660385e-10
2.947000e+01 7.401737e-01 3.232720e-08 9.059568e-03 1.079374e-10
2.947000e+01 1.036455e+00 2.979202e-08 1.282428e-02 6.016343e-11
2.947000e+01 1.451071e+00 2.300104e-08 1.684408e-02 2.808920e-11
2.947000e+01 2.031429e+00 1.734959e-08 2.133026e-02 1.280436e-11
2.947000e+01 2.784068e+00 1.036373e-08 2.610406e-02 5.190621e-12
2.947000e+01 3.580407e+00 2.133424e-09 2.787053e-02 1.700470e-12
3.008000e+01 2.094395e-02 1.207609e-10 1.989240e-05 5.400592e-11
3.008000e+01 3.183814e-02 4.695929e-10 7.005756e-05 1.355598e-10
3.008000e+01 4.770840e-02 2.178382e-09 3.396869e-04 3.792077e-10
3.008000e+01 7.025257e-02 3.183269e-09 4.777138e-04 3.232120e-10
3.008000e+01 9.773653e-02 5.304493e-09 8.014989e-04 3.695815e-10
3.008000e+01 1.368335e-01 9.063292e-09 1.371678e-03 3.610902e-10
3.008000e+01 1.929536e-01 1.262324e-08 1.951017e-03 3.095455e-10
3.008000e+01 2.695639e-01 1.629042e-08 2.679795e-03 2.459230e-10
3.008000e+01 3.777252e-01 2.189660e-08 4.034264e-03 1.984215e-10
3.008000e+01 5.288205e-01 2.613215e-08 5.997428e-03 1.443963e-10
3.008000e+01 7.401737e-01 2.814472e-08 8.864221e-03 9.397250e-11
3.008000e+01 1.036455e+00 2.592366e-08 1.252350e-02 5.235149e-11
3.008000e+01 1.451071e+00 2.010478e-08 1.646844e-02 2.455224e-11
3.008000e+01 2.031429e+00 1.569938e-08 2.093304e-02 1.158648e-11
3.008000e+01 2.784068e+00 1.020675e-08 2.575680e-02 5.112000e-12
3.008000e+01 3.580407e+00 2.554893e-09 2.778103e-02 2.036407e-12
3.070000e+01 2.094395e-02 1.038325e-10 1.912934e-05 4.643529e-11
3.070000e+01 3.183814e-02 4.015388e-10 6.736984e-05 1.159143e-10
3.070000e+01 4.770840e-02 1.725745e-09 3.265511e-04 3.004136e-10
3.070000e+01 7.025257e-02 2.706399e-09 4.587304e-04 2.747932e-10
3.070000e+01 9.773653e-02 4.527930e-09 7.711037e-04 3.154758e-10
3.070000e+01 1.368335e-01 7.717588e-09 1.320310e-03 3.074761e-10
3.070000e+01 1.929536e-01 1.077107e-08 1.880489e-03 2.641268e-10
3.070000e+01 2.695639e-01 1.391279e-08 2.594367e-03 2.100298e-10
3.070000e+01 3.777252e-01 1.871483e-08 3.928709e-03 1.695891e-10
3.070000e+01 5.288205e-01 2.234315e-08 5.863135e-03 1.234598e-10
3.070000e+01 7.401737e-01 2.406523e-08 8.677055e-03 8.035145e-11
3.070000e+01 1.036455e+00 2.215177e-08 1.223098e-02 4.473435e-11
3.070000e+01 1.451071e+00 1.718772e-08 1.611833e-02 2.098989e-11
3.070000e+01 2.031429e+00 1.373343e-08 2.054221e-02 1.013556e-11
3.070000e+01 2.784068e+00 9.584148e-09 2.541020e-02 4.800172e-12
3.070000e+01 3.580407e+00 2.742477e-09 2.767778e-02 2.185923e-12
3.134000e+01 2.094395e-02 1.062675e-10 1.837925e-05 4.752425e-11
3.134000e+01 3.183814e-02 3.351574e-10 6.474302e-05 9.675161e-11
3.134000e+01 4.770840e-02 1.714702e-09 3.137340e-04 2.984913e-10
3.134000e+01 7.025257e-02 2.258296e-09 4.402899e-04 2.292952e-10
3.134000e+01 9.773653e-02 3.772463e-09 7.420721e-04 2.628399e-10
3.134000e+01 1.368335e-01 6.502804e-09 1.270103e-03 2.590779e-10
3.134000e+01 1.929536e-01 9.087942e-09 1.812061e-03 2.228535e-10
3.134000e+01 2.695639e-01 1.163089e-08 2.511716e-03 1.755818e-10
3.134000e+01 3.777252e-01 1.569300e-08 3.826328e-03 1.422060e-10
3.134000e+01 5.288205e-01 1.859756e-08 5.729552e-03 1.027630e-10
3.134000e+01 7.401737e-01 2.004990e-08 8.486295e-03 6.694466e-11
3.134000e+01 1.036455e+00 1.837015e-08 1.193732e-02 3.709755e-11
3.134000e+01 1.451071e+00 1.398530e-08 1.575743e-02 1.707905e-11
3.134000e+01 2.031429e+00 1.068871e-08 2.015564e-02 7.888499e-12
3.134000e+01 2.784068e+00 7.001536e-09 2.507424e-02 3.506684e-12
3.134000e+01 3.580407e+00 1.712512e-09 2.763108e-02 1.364977e-12
3.198000e+01 2.094395e-02 6.992246e-11 1.767178e-05 3.127028e-11
3.198000e+01 3.183814e-02 2.694919e-10 6.228045e-05 7.779562e-11
3.198000e+01 4.770840e-02 1.249743e-09 3.015950e-04 2.175523e-10
3.198000e+01 7.025257e-02 1.824782e-09 4.227545e-04 1.852786e-10
3.198000e+01 9.773653e-02 3.051984e-09 7.145389e-04 2.126418e-10
3.198000e+01 1.368335e-01 5.185368e-09 1.223182e-03 2.065900e-10
3.198000e+01 1.929536e-01 7.237590e-09 1.747761e-03 1.774794e-10
3.198000e+01 2.695639e-01 9.318003e-09 2.434061e-03 1.406661e-10
3.198000e+01 3.777252e-01 1.255250e-08 3.731570e-03 1.137476e-10
3.198000e+01 5.288205e-01 1.497167e-08 5.601145e-03 8.272779e-11
3.198000e+01 7.401737e-01 1.611049e-08 8.304469e-03 5.379137e-11
3.198000e+01 1.036455e+00 1.470821e-08 1.166655e-02 2.970247e-11
3.198000e+01 1.451071e+00 1.095735e-08 1.542169e-02 1.338127e-11
3.198000e+01 2.031429e+00 7.912918e-09 1.977053e-02 5.839902e-12
3.198000e+01 2.784068e+00 4.861462e-09 2.473909e-02 2.434838e-12
3.198000e+01 3.580407e+00 1.005291e-09 2.755896e-02 8.012786e-13
3.264000e+01 2.094395e-02 7.378647e-11 1.698158e-05 3.299831e-11
3.264000e+01 3.183814e-02 2.077247e-10 5.986435e-05 5.996495e-11
3.264000e+01 4.770840e-02 1.069151e-09 2.898663e-04 1.861152e-10
3.264000e+01 7.025257e-02 1.396295e-09 4.057266e-04 1.417723e-10
3.264000e+01 9.773653e-02 2.382762e-09 6.878821e-04 1.660149e-10
3.264000e+01 1.368335e-01 4.053658e-09 1.176846e-03 1.615016e-10
3.264000e+01 1.929536e-01 5.632927e-09 1.685467e-03 1.381300e-10
3.264000e+01 2.695639e-01 7.218319e-09 2.359091e-03 1.089690e-10
3.264000e+01 3.777252e-01 9.693448e-09 3.636797e-03 8.783959e-11
3.264000e+01 5.288205e-01 1.145938e-08 5.473754e-03 6.332018e-11
3.264000e+01 7.401737e-01 1.234323e-08 8.120093e-03 4.121286e-11
3.264000e+01 1.036455e+00 1.117059e-08 1.139400e-02 2.255842e-11
3.264000e+01 1.451071e+00 8.103187e-09 1.508463e-02 9.895727e-12
3.264000e+01 2.031429e+00 5.468178e-09 1.938464e-02 4.035632e-12
3.264000e+01 2.784068e+00 3.166488e-09 2.442554e-02 1.585919e-12
3.264000e+01 3.580407e+00 5.378666e-10 2.748518e-02 4.287128e-13
3.332000e+01 2.094395e-02 2.277908e-11 1.630719e-05 1.018711e-11
3.332000e+01 3.183814e-02 1.437316e-10 5.750610e-05 4.149175e-11
3.332000e+01 4.770840e-02 5.616549e-10 2.783219e-04 9.777156e-11
3.332000e+01 7.025257e-02 9.557416e-10 3.892826e-04 9.704086e-11
3.332000e+01 9.773653e-02 1.499950e-09 6.618783e-04 1.045064e-10
3.332000e+01 1.368335e-01 2.676064e-09 1.132527e-03 1.066169e-10
3.332000e+01 1.929536e-01 3.765071e-09 1.624515e-03 9.232665e-11
3.332000e+01 2.695639e-01 4.876876e-09 2.286788e-03 7.362213e-11
3.332000e+01 3.777252e-01 6.600743e-09 3.546481e-03 5.981428e-11
3.332000e+01 5.288205e-01 7.902909e-09 5.346698e-03 4.366848e-11
3.332000e+01 7.401737e-01 8.490024e-09 7.932246e-03 2.834737e-11
3.332000e+01 1.036455e+00 7.660288e-09 1.111803e-02 1.546955e-11
3.332000e+01 1.451071e+00 5.417548e-09 1.474585e-02 6.615987e-12
3.332000e+01 2.031429e+00 3.376528e-09 1.900525e-02 2.491949e-12
3.332000e+01 2.784068e+00 1.829193e-09 2.406931e-02 9.161423e-13
3.332000e+01 3.580407e+00 2.399104e-10 2.742475e-02 1.912233e-13
3.400000e+01 2.094395e-02 7.258824e-12 1.567221e-05 3.246245e-12
3.400000e+01 3.183814e-02 7.696291e-11 5.528742e-05 2.221728e-11
3.400000e+01 4.770840e-02 2.796707e-10 2.674166e-04 4.868443e-11
3.400000e+01 7.025257e-02 5.137270e-10 3.736115e-04 5.216107e-11
3.400000e+01 9.773653e-02 8.164326e-10 6.373738e-04 5.688355e-11
3.400000e+01 1.368335e-01 1.480295e-09 1.090280e-03 5.897638e-11
3.400000e+01 1.929536e-01 2.102711e-09 1.567957e-03 5.156245e-11
3.400000e+01 2.695639e-01 2.773034e-09 2.218164e-03 4.186218e-11
3.400000e+01 3.777252e-01 3.753990e-09 3.461265e-03 3.401771e-11
3.400000e+01 5.288205e-01 4.520120e-09 5.225653e-03 2.497647e-11
3.400000e+01 7.401737e-01 4.846496e-09 7.748956e-03 1.618198e-11
3.400000e+01 1.036455e+00 4.347231e-09 1.085233e-02 8.779008e-12
3.400000e+01 1.451071e+00 2.964496e-09 1.442263e-02 3.620285e-12
3.400000e+01 2.031429e+00 1.648492e-09 1.865326e-02 1.216622e-12
3.400000e+01 2.784068e+00 8.135305e-10 2.372676e-02 4.074526e-13
3.400000e+01 3.580407e+00 9.121484e-11 2.732316e-02 7.270384e-14
3.470000e+01 2.094395e-02 3.795407e-13 1.505237e-05 1.697358e-13
3.470000e+01 3.183814e-02 2.157376e-11 5.310228e-05 6.227809e-12
3.470000e+01 4.770840e-02 6.024636e-11 2.567966e-04 1.048754e-11
3.470000e+01 7.025257e-02 1.240446e-10 3.583979e-04 1.259482e-11
3.470000e+01 9.773653e-02 1.916790e-10 6.136231e-04 1.335491e-11
3.470000e+01 1.368335e-01 3.484961e-10 1.049431e-03 1.388442e-11
3.470000e+01 1.929536e-01 4.803564e-10 1.512963e-03 1.177925e-11
3.470000e+01 2.695639e-01 6.363620e-10 2.151939e-03 9.606627e-12
3.470000e+01 3.777252e-01 8.508876e-10 3.376001e-03 7.710530e-12
3.470000e+01 5.288205e-01 1.032795e-09 5.107774e-03 5.706836e-12
3.470000e+01 7.401737e-01 1.103816e-09 7.561661e-03 3.685535e-12
3.470000e+01 1.036455e+00 9.894346e-10 1.059348e-02 1.998112e-12
3.470000e+01 1.451071e+00 6.604627e-10 1.409076e-02 8.065664e-13
3.470000e+01 2.031429e+00 3.245428e-10 1.829746e-02 2.395194e-13
3.470000e+01 2.784068e+00 1.359981e-10 2.340827e-02 6.811395e-14
3.470000e+01 3.580407e+00 4.786593e-12 2.719771e-02 3.815209e-15
