5.900000e+00 2.094395e-02 -7.774484e-06 1.025832e-03 -3.476855e-06
5.900000e+00 3.183814e-02 -5.947368e-05 3.409622e-03 -1.716857e-05
5.900000e+00 4.770840e-02 -4.339070e-05 5.145132e-03 -7.553351e-06
5.900000e+00 7.025257e-02 -7.654992e-05 9.656982e-03 -7.772467e-06
5.900000e+00 9.773653e-02 -3.244568e-05 1.775049e-02 -2.260597e-06
5.900000e+00 1.368335e-01 -2.009890e-05 2.617600e-02 -8.007592e-07
5.900000e+00 1.929536e-01 -5.033699e-05 3.869860e-02 -1.234358e-06
5.900000e+00 2.695639e-01 -7.313578e-05 5.314042e-02 -1.104070e-06
5.900000e+00 3.777252e-01 -1.063821e-05 7.052692e-02 -9.640077e-08
5.900000e+00 5.288205e-01 -3.037492e-05 9.137531e-02 -1.678403e-07
5.900000e+00 7.401737e-01 -1.590228e-05 1.113029e-01 -5.309617e-08
5.900000e+00 1.036455e+00 -2.270567e-05 1.252537e-01 -4.585291e-08
5.900000e+00 1.451071e+00 -1.466322e-05 1.280973e-01 -1.790693e-08
5.900000e+00 2.031429e+00 -1.342525e-05 1.173176e-01 -9.908119e-09
5.900000e+00 2.784068e+00 -1.277263e-05 1.065211e-01 -6.397109e-09
5.900000e+00 3.580407e+00 -1.361739e-05 9.348015e-02 -1.085389e-08
6.040000e+00 2.094395e-02 -1.410529e-04 9.855713e-04 -6.308077e-05
6.040000e+00 3.183814e-02 -5.549270e-04 3.275905e-03 -1.601936e-04
6.040000e+00 4.770840e-02 -4.934262e-04 4.944078e-03 -8.589448e-05
6.040000e+00 7.025257e-02 -7.253919e-04 9.280377e-03 -7.365238e-05
6.040000e+00 9.773653e-02 -4.791599e-04 1.705506e-02 -3.338465e-05
6.040000e+00 1.368335e-01 -5.325136e-04 2.514580e-02 -2.121585e-05
6.040000e+00 1.929536e-01 -3.113511e-04 3.717816e-02 -7.634917e-06
6.040000e+00 2.695639e-01 -5.515081e-04 5.104788e-02 -8.325659e-06
6.040000e+00 3.777252e-01 -3.879029e-04 6.766856e-02 -3.515079e-06
6.040000e+00 5.288205e-01 -3.426374e-04 8.760933e-02 -1.893284e-06
6.040000e+00 7.401737e-01 -2.368047e-04 1.066034e-01 -7.906679e-07
6.040000e+00 1.036455e+00 -2.065032e-04 1.198522e-01 -4.170224e-07
6.040000e+00 1.451071e+00 -1.671901e-04 1.225025e-01 -2.041749e-07
6.040000e+00 2.031429e+00 -1.522277e-04 1.127835e-01 -1.123473e-07
6.040000e+00 2.784068e+00 -1.607187e-04 1.034711e-01 -8.049513e-08
6.040000e+00 3.580407e+00 -1.750444e-04 9.115122e-02 -1.395212e-07
6.180000e+00 2.094395e-02 -5.025626e-04 9.476030e-04 -2.247528e-04
6.180000e+00 3.183814e-02 -1.786156e-03 3.149859e-03 -5.156189e-04
6.180000e+00 4.770840e-02 -1.646137e-03 4.753965e-03 -2.865557e-04
6.180000e+00 7.025257e-02 -1.838149e-03 8.925009e-03 -1.866357e-04
6.180000e+00 9.773653e-02 -2.075097e-03 1.639850e-02 -1.445788e-04
6.180000e+00 1.368335e-01 -2.212067e-03 2.417471e-02 -8.813084e-05
6.180000e+00 1.929536e-01 -1.899277e-03 3.574646e-02 -4.657385e-05
6.180000e+00 2.695639e-01 -1.596326e-03 4.906250e-02 -2.409841e-05
6.180000e+00 3.777252e-01 -1.462117e-03 6.498770e-02 -1.324933e-05
6.180000e+00 5.288205e-01 -1.270523e-03 8.405937e-02 -7.020430e-06
6.180000e+00 7.401737e-01 -1.010684e-03 1.021962e-01 -3.374575e-06
6.180000e+00 1.036455e+00 -8.105805e-04 1.147808e-01 -1.636925e-06
6.180000e+00 1.451071e+00 -6.435491e-04 1.172781e-01 -7.859114e-07
6.180000e+00 2.031429e+00 -5.775353e-04 1.085041e-01 -4.262333e-07
6.180000e+00 2.784068e+00 -6.009143e-04 1.006640e-01 -3.009649e-07
6.180000e+00 3.580407e+00 -6.531282e-04 8.893206e-02 -5.205834e-07
6.320000e+00 2.094395e-02 -1.023163e-03 9.118761e-04 -4.575725e-04
6.320000e+00 3.183814e-02 -2.886012e-03 3.031054e-03 -8.331200e-04
6.320000e+00 4.770840e-02 -3.173019e-03 4.574787e-03 -5.523518e-04
6.320000e+00 7.025257e-02 -3.417272e-03 8.589684e-03 -3.469714e-04
6.320000e+00 9.773653e-02 -4.613881e-03 1.577640e-02 -3.214643e-04
6.320000e+00 1.368335e-01 -4.432194e-03 2.325975e-02 -1.765828e-04
6.320000e+00 1.929536e-01 -3.851557e-03 3.439653e-02 -9.444743e-05
6.320000e+00 2.695639e-01 -3.317618e-03 4.719495e-02 -5.008331e-05
6.320000e+00 3.777252e-01 -3.160301e-03 6.244742e-02 -2.863785e-05
6.320000e+00 5.288205e-01 -2.687420e-03 8.071479e-02 -1.484966e-05
6.320000e+00 7.401737e-01 -2.192188e-03 9.803905e-02 -7.319502e-06
6.320000e+00 1.036455e+00 -1.773316e-03 1.100945e-01 -3.581119e-06
6.320000e+00 1.451071e+00 -1.410301e-03 1.124429e-01 -1.722280e-06
6.320000e+00 2.031429e+00 -1.215498e-03 1.046327e-01 -8.970636e-07
6.320000e+00 2.784068e+00 -1.243492e-03 9.812027e-02 -6.227967e-07
6.320000e+00 3.580407e+00 -1.378884e-03 8.697287e-02 -1.099055e-06
6.470000e+00 2.094395e-02 -1.558998e-03 8.755875e-04 -6.972050e-04
6.470000e+00 3.183814e-02 -3.939136e-03 2.910982e-03 -1.137131e-03
6.470000e+00 4.770840e-02 -4.894300e-03 4.393552e-03 -8.519883e-04
6.470000e+00 7.025257e-02 -5.924309e-03 8.250616e-03 -6.015225e-04
6.470000e+00 9.773653e-02 -6.770277e-03 1.514953e-02 -4.717075e-04
6.470000e+00 1.368335e-01 -6.990974e-03 2.233289e-02 -2.785271e-04
6.470000e+00 1.929536e-01 -6.718114e-03 3.303131e-02 -1.647408e-04
6.470000e+00 2.695639e-01 -6.008077e-03 4.530995e-02 -9.069894e-05
6.470000e+00 3.777252e-01 -5.527646e-03 5.990315e-02 -5.009013e-05
6.470000e+00 5.288205e-01 -4.769152e-03 7.735789e-02 -2.635252e-05
6.470000e+00 7.401737e-01 -3.833938e-03 9.391044e-02 -1.280115e-05
6.470000e+00 1.036455e+00 -3.107061e-03 1.053216e-01 -6.274548e-06
6.470000e+00 1.451071e+00 -2.485186e-03 1.076752e-01 -3.034945e-06
6.470000e+00 2.031429e+00 -2.098555e-03 1.007140e-01 -1.548778e-06
6.470000e+00 2.784068e+00 -2.137907e-03 9.563473e-02 -1.070760e-06
6.470000e+00 3.580407e+00 -2.358191e-03 8.504574e-02 -1.879623e-06
6.620000e+00 2.094395e-02 -1.998590e-03 8.415310e-04 -8.937968e-04
6.620000e+00 3.183814e-02 -4.866931e-03 2.797662e-03 -1.404962e-03
6.620000e+00 4.770840e-02 -6.586005e-03 4.222826e-03 -1.146476e-03
6.620000e+00 7.025257e-02 -8.477540e-03 7.931965e-03 -8.607638e-04
6.620000e+00 9.773653e-02 -9.167181e-03 1.456030e-02 -6.387077e-04
6.620000e+00 1.368335e-01 -9.923101e-03 2.146641e-02 -3.953458e-04
6.620000e+00 1.929536e-01 -1.021385e-02 3.174639e-02 -2.504628e-04
6.620000e+00 2.695639e-01 -9.070951e-03 4.354194e-02 -1.369366e-04
6.620000e+00 3.777252e-01 -8.414116e-03 5.750356e-02 -7.624661e-05
6.620000e+00 5.288205e-01 -7.279283e-03 7.424068e-02 -4.022256e-05
6.620000e+00 7.401737e-01 -5.876411e-03 9.002575e-02 -1.962077e-05
6.620000e+00 1.036455e+00 -4.783958e-03 1.009008e-01 -9.660955e-06
6.620000e+00 1.451071e+00 -3.812873e-03 1.032126e-01 -4.656335e-06
6.620000e+00 2.031429e+00 -3.217567e-03 9.715665e-02 -2.374633e-06
6.620000e+00 2.784068e+00 -3.263794e-03 9.334019e-02 -1.634655e-06
6.620000e+00 3.580407e+00 -3.561834e-03 8.328656e-02 -2.839001e-06
6.770000e+00 2.094395e-02 -2.230179e-03 8.094330e-04 -9.973665e-04
6.770000e+00 3.183814e-02 -5.526691e-03 2.691051e-03 -1.595418e-03
6.770000e+00 4.770840e-02 -8.449660e-03 4.062237e-03 -1.470897e-03
6.770000e+00 7.025257e-02 -1.067383e-02 7.631570e-03 -1.083763e-03
6.770000e+00 9.773653e-02 -1.276160e-02 1.400426e-02 -8.891427e-04
6.770000e+00 1.368335e-01 -1.396958e-02 2.064588e-02 -5.565614e-04
6.770000e+00 1.929536e-01 -1.418283e-02 3.053128e-02 -3.477897e-04
6.770000e+00 2.695639e-01 -1.330685e-02 4.186545e-02 -2.008824e-04
6.770000e+00 3.777252e-01 -1.204906e-02 5.524672e-02 -1.091856e-04
6.770000e+00 5.288205e-01 -1.035731e-02 7.126900e-02 -5.723058e-05
6.770000e+00 7.401737e-01 -8.689516e-03 8.640614e-02 -2.901345e-05
6.770000e+00 1.036455e+00 -6.975059e-03 9.676375e-02 -1.408577e-05
6.770000e+00 1.451071e+00 -5.602013e-03 9.903877e-02 -6.841258e-06
6.770000e+00 2.031429e+00 -4.697359e-03 9.389075e-02 -3.466751e-06
6.770000e+00 2.784068e+00 -4.725486e-03 9.116135e-02 -2.366736e-06
6.770000e+00 3.580407e+00 -5.036147e-03 8.160646e-02 -4.014119e-06
6.930000e+00 2.094395e-02 -2.315265e-03 7.771361e-04 -1.035418e-03
6.930000e+00 3.183814e-02 -5.997863e-03 2.583818e-03 -1.731434e-03
6.930000e+00 4.770840e-02 -9.463501e-03 3.900709e-03 -1.647384e-03
6.930000e+00 7.025257e-02 -1.270577e-02 7.329528e-03 -1.290076e-03
6.930000e+00 9.773653e-02 -1.657154e-02 1.344580e-02 -1.154594e-03
6.930000e+00 1.368335e-01 -1.790789e-02 1.982349e-02 -7.134674e-04
6.930000e+00 1.929536e-01 -1.903555e-02 2.931291e-02 -4.667875e-04
6.930000e+00 2.695639e-01 -1.821284e-02 4.019042e-02 -2.749441e-04
6.930000e+00 3.777252e-01 -1.612453e-02 5.298274e-02 -1.461164e-04
6.930000e+00 5.288205e-01 -1.408709e-02 6.830074e-02 -7.783993e-05
6.930000e+00 7.401737e-01 -1.177293e-02 8.277975e-02 -3.930865e-05
6.930000e+00 1.036455e+00 -9.531452e-03 9.261188e-02 -1.924827e-05
6.930000e+00 1.451071e+00 -7.622695e-03 9.489909e-02 -9.308943e-06
6.930000e+00 2.031429e+00 -6.346504e-03 9.074094e-02 -4.683855e-06
6.930000e+00 2.784068e+00 -6.382056e-03 8.900755e-02 -3.196420e-06
6.930000e+00 3.580407e+00 -6.652080e-03 7.967319e-02 -5.302117e-06
7.090000e+00 2.094395e-02 -2.196796e-03 7.467368e-04 -9.824368e-04
7.090000e+00 3.183814e-02 -6.201688e-03 2.482812e-03 -1.790273e-03
7.090000e+00 4.770840e-02 -9.608562e-03 3.748906e-03 -1.672636e-03
7.090000e+00 7.025257e-02 -1.449296e-02 7.044488e-03 -1.471537e-03
7.090000e+00 9.773653e-02 -2.042106e-02 1.292075e-02 -1.422803e-03
7.090000e+00 1.368335e-01 -2.205140e-02 1.904751e-02 -8.785487e-04
7.090000e+00 1.929536e-01 -2.377488e-02 2.816905e-02 -5.830048e-04
7.090000e+00 2.695639e-01 -2.351308e-02 3.861522e-02 -3.549574e-04
7.090000e+00 3.777252e-01 -2.101547e-02 5.086279e-02 -1.904369e-04
7.090000e+00 5.288205e-01 -1.843782e-02 6.552564e-02 -1.018804e-04
7.090000e+00 7.401737e-01 -1.547795e-02 7.937656e-02 -5.167937e-05
7.090000e+00 1.036455e+00 -1.253411e-02 8.880773e-02 -2.531198e-05
7.090000e+00 1.451071e+00 -9.957650e-03 9.107815e-02 -1.216042e-05
7.090000e+00 2.031429e+00 -8.294346e-03 8.784017e-02 -6.121404e-06
7.090000e+00 2.784068e+00 -8.210624e-03 8.696897e-02 -4.112249e-06
7.090000e+00 3.580407e+00 -8.506849e-03 7.803383e-02 -6.780482e-06
7.250000e+00 2.094395e-02 -2.004675e-03 7.181157e-04 -8.965181e-04
7.250000e+00 3.183814e-02 -6.093740e-03 2.387376e-03 -1.759111e-03
7.250000e+00 4.770840e-02 -9.353382e-03 3.605531e-03 -1.628215e-03
7.250000e+00 7.025257e-02 -1.558412e-02 6.774391e-03 -1.582327e-03
7.250000e+00 9.773653e-02 -2.269291e-02 1.242498e-02 -1.581090e-03
7.250000e+00 1.368335e-01 -2.557218e-02 1.831904e-02 -1.018820e-03
7.250000e+00 1.929536e-01 -2.783812e-02 2.708622e-02 -6.826432e-04
7.250000e+00 2.695639e-01 -2.772626e-02 3.712590e-02 -4.185603e-04
7.250000e+00 3.777252e-01 -2.536860e-02 4.886618e-02 -2.298839e-04
7.250000e+00 5.288205e-01 -2.265814e-02 6.292352e-02 -1.252003e-04
7.250000e+00 7.401737e-01 -1.909571e-02 7.616886e-02 -6.375872e-05
7.250000e+00 1.036455e+00 -1.551359e-02 8.525650e-02 -3.132889e-05
7.250000e+00 1.451071e+00 -1.230226e-02 8.754229e-02 -1.502369e-05
7.250000e+00 2.031429e+00 -1.022264e-02 8.510803e-02 -7.544522e-06
7.250000e+00 2.784068e+00 -1.005228e-02 8.509263e-02 -5.034631e-06
7.250000e+00 3.580407e+00 -1.026300e-02 7.630606e-02 -8.180244e-06
7.410000e+00 2.094395e-02 -1.867887e-03 6.910765e-04 -8.353444e-04
7.410000e+00 3.183814e-02 -5.814051e-03 2.297500e-03 -1.678372e-03
7.410000e+00 4.770840e-02 -8.922188e-03 3.469983e-03 -1.553153e-03
7.410000e+00 7.025257e-02 -1.592830e-02 6.521537e-03 -1.617274e-03
7.410000e+00 9.773653e-02 -2.391355e-02 1.195690e-02 -1.666136e-03
7.410000e+00 1.368335e-01 -2.806514e-02 1.762810e-02 -1.118142e-03
7.410000e+00 1.929536e-01 -3.109048e-02 2.606202e-02 -7.623973e-04
7.410000e+00 2.695639e-01 -3.149681e-02 3.572543e-02 -4.754811e-04
7.410000e+00 3.777252e-01 -2.934617e-02 4.698612e-02 -2.659276e-04
7.410000e+00 5.288205e-01 -2.649920e-02 6.049865e-02 -1.464245e-04
7.410000e+00 7.401737e-01 -2.260882e-02 7.317471e-02 -7.548864e-05
7.410000e+00 1.036455e+00 -1.826677e-02 8.192664e-02 -3.688879e-05
7.410000e+00 1.451071e+00 -1.457101e-02 8.424408e-02 -1.779433e-05
7.410000e+00 2.031429e+00 -1.203529e-02 8.255888e-02 -8.882303e-06
7.410000e+00 2.784068e+00 -1.178617e-02 8.327984e-02 -5.903044e-06
7.410000e+00 3.580407e+00 -1.196223e-02 7.485905e-02 -9.534634e-06
7.580000e+00 2.094395e-02 -1.694672e-03 6.639891e-04 -7.578805e-04
7.580000e+00 3.183814e-02 -5.500097e-03 2.207522e-03 -1.587741e-03
7.580000e+00 4.770840e-02 -8.374375e-03 3.334275e-03 -1.457792e-03
7.580000e+00 7.025257e-02 -1.545414e-02 6.267721e-03 -1.569131e-03
7.580000e+00 9.773653e-02 -2.429654e-02 1.148837e-02 -1.692820e-03
7.580000e+00 1.368335e-01 -2.962702e-02 1.693617e-02 -1.180369e-03
7.580000e+00 1.929536e-01 -3.363419e-02 2.503934e-02 -8.247738e-04
7.580000e+00 2.695639e-01 -3.500158e-02 3.432542e-02 -5.283897e-04
7.580000e+00 3.777252e-01 -3.294259e-02 4.510400e-02 -2.985175e-04
7.580000e+00 5.288205e-01 -3.004373e-02 5.804764e-02 -1.660103e-04
7.580000e+00 7.401737e-01 -2.592399e-02 7.017692e-02 -8.655768e-05
7.580000e+00 1.036455e+00 -2.104262e-02 7.857466e-02 -4.249448e-05
7.580000e+00 1.451071e+00 -1.668376e-02 8.095951e-02 -2.037445e-05
7.580000e+00 2.031429e+00 -1.384100e-02 8.007067e-02 -1.021495e-05
7.580000e+00 2.784068e+00 -1.343586e-02 8.156383e-02 -6.729281e-06
7.580000e+00 3.580407e+00 -1.342173e-02 7.332455e-02 -1.069794e-05
7.750000e+00 2.094395e-02 -1.552703e-03 6.384748e-04 -6.943899e-04
7.750000e+00 3.183814e-02 -5.138936e-03 2.122965e-03 -1.483483e-03
7.750000e+00 4.770840e-02 -7.732307e-03 3.206113e-03 -1.346022e-03
7.750000e+00 7.025257e-02 -1.443873e-02 6.028150e-03 -1.466031e-03
7.750000e+00 9.773653e-02 -2.412801e-02 1.104606e-02 -1.681078e-03
7.750000e+00 1.368335e-01 -3.016647e-02 1.628652e-02 -1.201861e-03
7.750000e+00 1.929536e-01 -3.550767e-02 2.407902e-02 -8.707151e-04
7.750000e+00 2.695639e-01 -3.748050e-02 3.300206e-02 -5.658119e-04
7.750000e+00 3.777252e-01 -3.596058e-02 4.334072e-02 -3.258658e-04
7.750000e+00 5.288205e-01 -3.312426e-02 5.574174e-02 -1.830321e-04
7.750000e+00 7.401737e-01 -2.878802e-02 6.738640e-02 -9.612039e-05
7.750000e+00 1.036455e+00 -2.354534e-02 7.543705e-02 -4.754858e-05
7.750000e+00 1.451071e+00 -1.863546e-02 7.792724e-02 -2.275789e-05
7.750000e+00 2.031429e+00 -1.551970e-02 7.778935e-02 -1.145387e-05
7.750000e+00 2.784068e+00 -1.499357e-02 7.995084e-02 -7.509454e-06
7.750000e+00 3.580407e+00 -1.482442e-02 7.179440e-02 -1.181597e-05
7.930000e+00 2.094395e-02 -1.423122e-03 6.130131e-04 -6.364396e-04
7.930000e+00 3.183814e-02 -4.754237e-03 2.038286e-03 -1.372430e-03
7.930000e+00 4.770840e-02 -7.104471e-03 3.078408e-03 -1.236730e-03
7.930000e+00 7.025257e-02 -1.323088e-02 5.788463e-03 -1.343392e-03
7.930000e+00 9.773653e-02 -2.326624e-02 1.060524e-02 -1.621035e-03
7.930000e+00 1.368335e-01 -2.977841e-02 1.563766e-02 -1.186400e-03
7.930000e+00 1.929536e-01 -3.634745e-02 2.311592e-02 -8.913081e-04
7.930000e+00 2.695639e-01 -3.892103e-02 3.168073e-02 -5.875584e-04
7.930000e+00 3.777252e-01 -3.826496e-02 4.158027e-02 -3.467474e-04
7.930000e+00 5.288205e-01 -3.554625e-02 5.344419e-02 -1.964151e-04
7.930000e+00 7.401737e-01 -3.115742e-02 6.461112e-02 -1.040316e-04
7.930000e+00 1.036455e+00 -2.572143e-02 7.232568e-02 -5.194308e-05
7.930000e+00 1.451071e+00 -2.044045e-02 7.494636e-02 -2.496217e-05
7.930000e+00 2.031429e+00 -1.694158e-02 7.554038e-02 -1.250325e-05
7.930000e+00 2.784068e+00 -1.634192e-02 7.834038e-02 -8.184769e-06
7.930000e+00 3.580407e+00 -1.603668e-02 7.020237e-02 -1.278222e-05
8.110000e+00 2.094395e-02 -1.270847e-03 5.889973e-04 -5.683399e-04
8.110000e+00 3.183814e-02 -4.398602e-03 1.958483e-03 -1.269767e-03
8.110000e+00 4.770840e-02 -6.571055e-03 2.958555e-03 -1.143874e-03
8.110000e+00 7.025257e-02 -1.204491e-02 5.563753e-03 -1.222975e-03
8.110000e+00 9.773653e-02 -2.192738e-02 1.019040e-02 -1.527753e-03
8.110000e+00 1.368335e-01 -2.876194e-02 1.502455e-02 -1.145903e-03
8.110000e+00 1.929536e-01 -3.620958e-02 2.220312e-02 -8.879273e-04
8.110000e+00 2.695639e-01 -3.949678e-02 3.044675e-02 -5.962500e-04
8.110000e+00 3.777252e-01 -3.968091e-02 3.992579e-02 -3.595784e-04
8.110000e+00 5.288205e-01 -3.742937e-02 5.129856e-02 -2.068205e-04
8.110000e+00 7.401737e-01 -3.312076e-02 6.198781e-02 -1.105870e-04
8.110000e+00 1.036455e+00 -2.749223e-02 6.942252e-02 -5.551912e-05
8.110000e+00 1.451071e+00 -2.194150e-02 7.214591e-02 -2.679527e-05
8.110000e+00 2.031429e+00 -1.823190e-02 7.342546e-02 -1.345553e-05
8.110000e+00 2.784068e+00 -1.751953e-02 7.679243e-02 -8.774567e-06
8.110000e+00 3.580407e+00 -1.707623e-02 6.873708e-02 -1.361080e-05
8.290000e+00 2.094395e-02 -1.147345e-03 5.664381e-04 -5.131081e-04
8.290000e+00 3.183814e-02 -4.062509e-03 1.883302e-03 -1.172745e-03
8.290000e+00 4.770840e-02 -6.060967e-03 2.844949e-03 -1.055079e-03
8.290000e+00 7.025257e-02 -1.097650e-02 5.351770e-03 -1.114495e-03
8.290000e+00 9.773653e-02 -2.044507e-02 9.799008e-03 -1.424475e-03
8.290000e+00 1.368335e-01 -2.739857e-02 1.444709e-02 -1.091585e-03
8.290000e+00 1.929536e-01 -3.515540e-02 2.135118e-02 -8.620766e-04
8.290000e+00 2.695639e-01 -3.930538e-02 2.927481e-02 -5.933605e-04
8.290000e+00 3.777252e-01 -4.033056e-02 3.835818e-02 -3.654654e-04
8.290000e+00 5.288205e-01 -3.863452e-02 4.926072e-02 -2.134797e-04
8.290000e+00 7.401737e-01 -3.463785e-02 5.954948e-02 -1.156524e-04
8.290000e+00 1.036455e+00 -2.892570e-02 6.669308e-02 -5.841395e-05
8.290000e+00 1.451071e+00 -2.320425e-02 6.950636e-02 -2.833736e-05
8.290000e+00 2.031429e+00 -1.932779e-02 7.150977e-02 -1.426432e-05
8.290000e+00 2.784068e+00 -1.852939e-02 7.536810e-02 -9.280351e-06
8.290000e+00 3.580407e+00 -1.789460e-02 6.725776e-02 -1.426310e-05
8.470000e+00 2.094395e-02 -1.028775e-03 5.451260e-04 -4.600819e-04
8.470000e+00 3.183814e-02 -3.715913e-03 1.812404e-03 -1.072692e-03
8.470000e+00 4.770840e-02 -5.551948e-03 2.738249e-03 -9.664701e-04
8.470000e+00 7.025257e-02 -9.962481e-03 5.150932e-03 -1.011537e-03
8.470000e+00 9.773653e-02 -1.882601e-02 9.431011e-03 -1.311671e-03
8.470000e+00 1.368335e-01 -2.580061e-02 1.390345e-02 -1.027921e-03
8.470000e+00 1.929536e-01 -3.358495e-02 2.054604e-02 -8.235664e-04
8.470000e+00 2.695639e-01 -3.859326e-02 2.817271e-02 -5.826102e-04
8.470000e+00 3.777252e-01 -4.042862e-02 3.689039e-02 -3.663540e-04
8.470000e+00 5.288205e-01 -3.927123e-02 4.735432e-02 -2.169979e-04
8.470000e+00 7.401737e-01 -3.566401e-02 5.727621e-02 -1.190786e-04
8.470000e+00 1.036455e+00 -2.999112e-02 6.414819e-02 -6.056551e-05
8.470000e+00 1.451071e+00 -2.424086e-02 6.711185e-02 -2.960328e-05
8.470000e+00 2.031429e+00 -2.024794e-02 6.970357e-02 -1.494341e-05
8.470000e+00 2.784068e+00 -1.936269e-02 7.397506e-02 -9.697706e-06
8.470000e+00 3.580407e+00 -1.857296e-02 6.585869e-02 -1.480379e-05
8.660000e+00 2.094395e-02 -9.142517e-04 5.238650e-04 -4.088658e-04
8.660000e+00 3.183814e-02 -3.372773e-03 1.741872e-03 -9.736356e-04
8.660000e+00 4.770840e-02 -5.063195e-03 2.632096e-03 -8.813891e-04
8.660000e+00 7.025257e-02 -9.002824e-03 4.951240e-03 -9.140983e-04
8.660000e+00 9.773653e-02 -1.714239e-02 9.064139e-03 -1.194367e-03
8.660000e+00 1.368335e-01 -2.391889e-02 1.335909e-02 -9.529515e-04
8.660000e+00 1.929536e-01 -3.161604e-02 1.974566e-02 -7.752850e-04
8.660000e+00 2.695639e-01 -3.736010e-02 2.708104e-02 -5.639943e-04
8.660000e+00 3.777252e-01 -3.985809e-02 3.542366e-02 -3.611840e-04
8.660000e+00 5.288205e-01 -3.944256e-02 4.546106e-02 -2.179446e-04
8.660000e+00 7.401737e-01 -3.629061e-02 5.498369e-02 -1.211708e-04
8.660000e+00 1.036455e+00 -3.076380e-02 6.165776e-02 -6.212590e-05
8.660000e+00 1.451071e+00 -2.502066e-02 6.473404e-02 -3.055559e-05
8.660000e+00 2.031429e+00 -2.093875e-02 6.794677e-02 -1.545324e-05
8.660000e+00 2.784068e+00 -2.003850e-02 7.262067e-02 -1.003618e-05
8.660000e+00 3.580407e+00 -1.903169e-02 6.446387e-02 -1.516943e-05
8.860000e+00 2.094395e-02 -8.168612e-04 5.028763e-04 -3.653114e-04
8.860000e+00 3.183814e-02 -3.016937e-03 1.672051e-03 -8.709146e-04
8.860000e+00 4.770840e-02 -4.561725e-03 2.526789e-03 -7.940944e-04
8.860000e+00 7.025257e-02 -8.078762e-03 4.753571e-03 -8.202740e-04
8.860000e+00 9.773653e-02 -1.545197e-02 8.700607e-03 -1.076590e-03
8.860000e+00 1.368335e-01 -2.192819e-02 1.282228e-02 -8.736399e-04
8.860000e+00 1.929536e-01 -2.946208e-02 1.895567e-02 -7.224658e-04
8.860000e+00 2.695639e-01 -3.568663e-02 2.599641e-02 -5.387313e-04
8.860000e+00 3.777252e-01 -3.874632e-02 3.396527e-02 -3.511094e-04
8.860000e+00 5.288205e-01 -3.909236e-02 4.359904e-02 -2.160096e-04
8.860000e+00 7.401737e-01 -3.648272e-02 5.273613e-02 -1.218122e-04
8.860000e+00 1.036455e+00 -3.120188e-02 5.922783e-02 -6.301058e-05
8.860000e+00 1.451071e+00 -2.552094e-02 6.238188e-02 -3.116653e-05
8.860000e+00 2.031429e+00 -2.147451e-02 6.621007e-02 -1.584864e-05
8.860000e+00 2.784068e+00 -2.052238e-02 7.126337e-02 -1.027853e-05
8.860000e+00 3.580407e+00 -1.940871e-02 6.304594e-02 -1.546994e-05
9.050000e+00 2.094395e-02 -7.292477e-04 4.840561e-04 -3.261295e-04
9.050000e+00 3.183814e-02 -2.676103e-03 1.609453e-03 -7.725243e-04
9.050000e+00 4.770840e-02 -4.086154e-03 2.432206e-03 -7.113082e-04
9.050000e+00 7.025257e-02 -7.215393e-03 4.576432e-03 -7.326122e-04
9.050000e+00 9.773653e-02 -1.383255e-02 8.374833e-03 -9.637592e-04
9.050000e+00 1.368335e-01 -1.995637e-02 1.234053e-02 -7.950808e-04
9.050000e+00 1.929536e-01 -2.727230e-02 1.824322e-02 -6.687681e-04
9.050000e+00 2.695639e-01 -3.370404e-02 2.502052e-02 -5.088018e-04
9.050000e+00 3.777252e-01 -3.733213e-02 3.267819e-02 -3.382943e-04
9.050000e+00 5.288205e-01 -3.830772e-02 4.192089e-02 -2.116739e-04
9.050000e+00 7.401737e-01 -3.627947e-02 5.073715e-02 -1.211336e-04
9.050000e+00 1.036455e+00 -3.132044e-02 5.704266e-02 -6.325000e-05
9.050000e+00 1.451071e+00 -2.580393e-02 6.035686e-02 -3.151213e-05
9.050000e+00 2.031429e+00 -2.187420e-02 6.466636e-02 -1.614362e-05
9.050000e+00 2.784068e+00 -2.089213e-02 7.006510e-02 -1.046372e-05
9.050000e+00 3.580407e+00 -1.968426e-02 6.175224e-02 -1.568957e-05
9.250000e+00 2.094395e-02 -6.450918e-04 4.653360e-04 -2.884938e-04
9.250000e+00 3.183814e-02 -2.376677e-03 1.547330e-03 -6.860876e-04
9.250000e+00 4.770840e-02 -3.649168e-03 2.338499e-03 -6.352386e-04
9.250000e+00 7.025257e-02 -6.435567e-03 4.399832e-03 -6.534329e-04
9.250000e+00 9.773653e-02 -1.232020e-02 8.051500e-03 -8.583893e-04
9.250000e+00 1.368335e-01 -1.799341e-02 1.186249e-02 -7.168745e-04
9.250000e+00 1.929536e-01 -2.505058e-02 1.753860e-02 -6.142874e-04
9.250000e+00 2.695639e-01 -3.139625e-02 2.405587e-02 -4.739630e-04
9.250000e+00 3.777252e-01 -3.557046e-02 3.139677e-02 -3.223306e-04
9.250000e+00 5.288205e-01 -3.712983e-02 4.027018e-02 -2.051654e-04
9.250000e+00 7.401737e-01 -3.560746e-02 4.874975e-02 -1.188899e-04
9.250000e+00 1.036455e+00 -3.110900e-02 5.485863e-02 -6.282301e-05
9.250000e+00 1.451071e+00 -2.579749e-02 5.830255e-02 -3.150426e-05
9.250000e+00 2.031429e+00 -2.209172e-02 6.318561e-02 -1.630416e-05
9.250000e+00 2.784068e+00 -2.110915e-02 6.879073e-02 -1.057241e-05
9.250000e+00 3.580407e+00 -1.968505e-02 6.037246e-02 -1.569019e-05
9.460000e+00 2.094395e-02 -5.735914e-04 4.468322e-04 -2.565179e-04
9.460000e+00 3.183814e-02 -2.121881e-03 1.485954e-03 -6.125342e-04
9.460000e+00 4.770840e-02 -3.257933e-03 2.245569e-03 -5.671333e-04
9.460000e+00 7.025257e-02 -5.722020e-03 4.224943e-03 -5.809831e-04
9.460000e+00 9.773653e-02 -1.095450e-02 7.732591e-03 -7.632360e-04
9.460000e+00 1.368335e-01 -1.610999e-02 1.139078e-02 -6.418373e-04
9.460000e+00 1.929536e-01 -2.273040e-02 1.683908e-02 -5.573922e-04
9.460000e+00 2.695639e-01 -2.896186e-02 2.310175e-02 -4.372131e-04
9.460000e+00 3.777252e-01 -3.350310e-02 3.013181e-02 -3.035967e-04
9.460000e+00 5.288205e-01 -3.558359e-02 3.865153e-02 -1.966214e-04
9.460000e+00 7.401737e-01 -3.460794e-02 4.678502e-02 -1.155526e-04
9.460000e+00 1.036455e+00 -3.062396e-02 5.272588e-02 -6.184350e-05
9.460000e+00 1.451071e+00 -2.562673e-02 5.633563e-02 -3.129573e-05
9.460000e+00 2.031429e+00 -2.215799e-02 6.174238e-02 -1.635307e-05
9.460000e+00 2.784068e+00 -2.120277e-02 6.754030e-02 -1.061930e-05
9.460000e+00 3.580407e+00 -1.970392e-02 5.909901e-02 -1.570523e-05
9.670000e+00 2.094395e-02 -5.069046e-04 4.294040e-04 -2.266946e-04
9.670000e+00 3.183814e-02 -1.890952e-03 1.428233e-03 -5.458708e-04
9.670000e+00 4.770840e-02 -2.887618e-03 2.158061e-03 -5.026697e-04
9.670000e+00 7.025257e-02 -5.081102e-03 4.060730e-03 -5.159078e-04
9.670000e+00 9.773653e-02 -9.703862e-03 7.431514e-03 -6.761001e-04
9.670000e+00 1.368335e-01 -1.436668e-02 1.094652e-02 -5.723824e-04
9.670000e+00 1.929536e-01 -2.050473e-02 1.618003e-02 -5.028147e-04
9.670000e+00 2.695639e-01 -2.647817e-02 2.220309e-02 -3.997189e-04
9.670000e+00 3.777252e-01 -3.126850e-02 2.894235e-02 -2.833473e-04
9.670000e+00 5.288205e-01 -3.379192e-02 3.713966e-02 -1.867214e-04
9.670000e+00 7.401737e-01 -3.338579e-02 4.496546e-02 -1.114719e-04
9.670000e+00 1.036455e+00 -2.984914e-02 5.073630e-02 -6.027878e-05
9.670000e+00 1.451071e+00 -2.520600e-02 5.451794e-02 -3.078192e-05
9.670000e+00 2.031429e+00 -2.203248e-02 6.035063e-02 -1.626044e-05
9.670000e+00 2.784068e+00 -2.115570e-02 6.633739e-02 -1.059572e-05
9.670000e+00 3.580407e+00 -1.953684e-02 5.779646e-02 -1.557206e-05
9.880000e+00 2.094395e-02 -4.465509e-04 4.130036e-04 -1.997036e-04
9.880000e+00 3.183814e-02 -1.678919e-03 1.373816e-03 -4.846620e-04
9.880000e+00 4.770840e-02 -2.556398e-03 2.075870e-03 -4.450118e-04
9.880000e+00 7.025257e-02 -4.511318e-03 3.907118e-03 -4.580550e-04
9.880000e+00 9.773653e-02 -8.597648e-03 7.148075e-03 -5.990266e-04
9.880000e+00 1.368335e-01 -1.275689e-02 1.052809e-02 -5.082469e-04
9.880000e+00 1.929536e-01 -1.837209e-02 1.555849e-02 -4.505182e-04
9.880000e+00 2.695639e-01 -2.406720e-02 2.135779e-02 -3.633225e-04
9.880000e+00 3.777252e-01 -2.893828e-02 2.782711e-02 -2.622314e-04
9.880000e+00 5.288205e-01 -3.176121e-02 3.571674e-02 -1.755004e-04
9.880000e+00 7.401737e-01 -3.189782e-02 4.323738e-02 -1.065037e-04
9.880000e+00 1.036455e+00 -2.882468e-02 4.886263e-02 -5.820995e-05
9.880000e+00 1.451071e+00 -2.462244e-02 5.284321e-02 -3.006928e-05
9.880000e+00 2.031429e+00 -2.170858e-02 5.908159e-02 -1.602139e-05
9.880000e+00 2.784068e+00 -2.093204e-02 6.515422e-02 -1.048370e-05
9.880000e+00 3.580407e+00 -1.929219e-02 5.664156e-02 -1.537707e-05
1.010000e+01 2.094395e-02 -3.941997e-04 3.967852e-04 -1.762915e-04
1.010000e+01 3.183814e-02 -1.487794e-03 1.319938e-03 -4.294891e-04
1.010000e+01 4.770840e-02 -2.254455e-03 1.994349e-03 -3.924503e-04
1.010000e+01 7.025257e-02 -3.994805e-03 3.754689e-03 -4.056110e-04
1.010000e+01 9.773653e-02 -7.611041e-03 6.868335e-03 -5.302863e-04
1.010000e+01 1.368335e-01 -1.128832e-02 1.011416e-02 -4.497374e-04
1.010000e+01 1.929536e-01 -1.633826e-02 1.494152e-02 -4.006449e-04
1.010000e+01 2.695639e-01 -2.169518e-02 2.051275e-02 -3.275140e-04
1.010000e+01 3.777252e-01 -2.647396e-02 2.672287e-02 -2.399004e-04
1.010000e+01 5.288205e-01 -2.956944e-02 3.429496e-02 -1.633895e-04
1.010000e+01 7.401737e-01 -3.021314e-02 4.155986e-02 -1.008787e-04
1.010000e+01 1.036455e+00 -2.761034e-02 4.702156e-02 -5.575764e-05
1.010000e+01 1.451071e+00 -2.388846e-02 5.118086e-02 -2.917293e-05
1.010000e+01 2.031429e+00 -2.128501e-02 5.783561e-02 -1.570879e-05
1.010000e+01 2.784068e+00 -2.059992e-02 6.398759e-02 -1.031737e-05
1.010000e+01 3.580407e+00 -1.883826e-02 5.545965e-02 -1.501525e-05
1.032000e+01 2.094395e-02 -3.472135e-04 3.815522e-04 -1.552786e-04
1.032000e+01 3.183814e-02 -1.317042e-03 1.269193e-03 -3.801974e-04
1.032000e+01 4.770840e-02 -1.989973e-03 1.917720e-03 -3.464099e-04
1.032000e+01 7.025257e-02 -3.533538e-03 3.610819e-03 -3.587765e-04
1.032000e+01 9.773653e-02 -6.716117e-03 6.603469e-03 -4.679341e-04
1.032000e+01 1.368335e-01 -9.977630e-03 9.725886e-03 -3.975183e-04
1.032000e+01 1.929536e-01 -1.450784e-02 1.436662e-02 -3.557596e-04
1.032000e+01 2.695639e-01 -1.946225e-02 1.972127e-02 -2.938053e-04
1.032000e+01 3.777252e-01 -2.404127e-02 2.568569e-02 -2.178559e-04
1.032000e+01 5.288205e-01 -2.731338e-02 3.296915e-02 -1.509234e-04
1.032000e+01 7.401737e-01 -2.833025e-02 3.996786e-02 -9.459196e-05
1.032000e+01 1.036455e+00 -2.622773e-02 4.531332e-02 -5.296553e-05
1.032000e+01 1.451071e+00 -2.298505e-02 4.964456e-02 -2.806968e-05
1.032000e+01 2.031429e+00 -2.070207e-02 5.667703e-02 -1.527857e-05
1.032000e+01 2.784068e+00 -2.013465e-02 6.289407e-02 -1.008434e-05
1.032000e+01 3.580407e+00 -1.826208e-02 5.420305e-02 -1.455600e-05
1.055000e+01 2.094395e-02 -3.047409e-04 3.665026e-04 -1.362843e-04
1.055000e+01 3.183814e-02 -1.163895e-03 1.219037e-03 -3.359877e-04
1.055000e+01 4.770840e-02 -1.758917e-03 1.842293e-03 -3.061881e-04
1.055000e+01 7.025257e-02 -3.109830e-03 3.469175e-03 -3.157554e-04
1.055000e+01 9.773653e-02 -5.906777e-03 6.342760e-03 -4.115446e-04
1.055000e+01 1.368335e-01 -8.791525e-03 9.342936e-03 -3.502627e-04
1.055000e+01 1.929536e-01 -1.282791e-02 1.379926e-02 -3.145646e-04
1.055000e+01 2.695639e-01 -1.734850e-02 1.894087e-02 -2.618958e-04
1.055000e+01 3.777252e-01 -2.166338e-02 2.466862e-02 -1.963081e-04
1.055000e+01 5.288205e-01 -2.501959e-02 3.165663e-02 -1.382488e-04
1.055000e+01 7.401737e-01 -2.633302e-02 3.840187e-02 -8.792340e-05
1.055000e+01 1.036455e+00 -2.472708e-02 4.366066e-02 -4.993505e-05
1.055000e+01 1.451071e+00 -2.195559e-02 4.818323e-02 -2.681248e-05
1.055000e+01 2.031429e+00 -2.004938e-02 5.555192e-02 -1.479687e-05
1.055000e+01 2.784068e+00 -1.962536e-02 6.177847e-02 -9.829261e-06
1.055000e+01 3.580407e+00 -1.760008e-02 5.301559e-02 -1.402835e-05
1.078000e+01 2.094395e-02 -2.666420e-04 3.523526e-04 -1.192459e-04
1.078000e+01 3.183814e-02 -1.026478e-03 1.171736e-03 -2.963188e-04
1.078000e+01 4.770840e-02 -1.546303e-03 1.771265e-03 -2.691769e-04
1.078000e+01 7.025257e-02 -2.729999e-03 3.335640e-03 -2.771894e-04
1.078000e+01 9.773653e-02 -5.189178e-03 6.095430e-03 -3.615472e-04
1.078000e+01 1.368335e-01 -7.721157e-03 8.979472e-03 -3.076183e-04
1.078000e+01 1.929536e-01 -1.131429e-02 1.326435e-02 -2.774477e-04
1.078000e+01 2.695639e-01 -1.540592e-02 1.820486e-02 -2.325704e-04
1.078000e+01 3.777252e-01 -1.940933e-02 2.370828e-02 -1.758825e-04
1.078000e+01 5.288205e-01 -2.274619e-02 3.041543e-02 -1.256868e-04
1.078000e+01 7.401737e-01 -2.427739e-02 3.693109e-02 -8.105984e-05
1.078000e+01 1.036455e+00 -2.314438e-02 4.209488e-02 -4.673888e-05
1.078000e+01 1.451071e+00 -2.083740e-02 4.679811e-02 -2.544694e-05
1.078000e+01 2.031429e+00 -1.928127e-02 5.443073e-02 -1.422998e-05
1.078000e+01 2.784068e+00 -1.902093e-02 6.069261e-02 -9.526537e-06
1.078000e+01 3.580407e+00 -1.706375e-02 5.187352e-02 -1.360086e-05
1.101000e+01 2.094395e-02 -2.332812e-04 3.390417e-04 -1.043265e-04
1.101000e+01 3.183814e-02 -9.028118e-04 1.127252e-03 -2.606193e-04
1.101000e+01 4.770840e-02 -1.354967e-03 1.704070e-03 -2.358695e-04
1.101000e+01 7.025257e-02 -2.390478e-03 3.209614e-03 -2.427162e-04
1.101000e+01 9.773653e-02 -4.550226e-03 5.863154e-03 -3.170293e-04
1.101000e+01 1.368335e-01 -6.768109e-03 8.639083e-03 -2.696479e-04
1.101000e+01 1.929536e-01 -9.969702e-03 1.276331e-02 -2.444759e-04
1.101000e+01 2.695639e-01 -1.362730e-02 1.751262e-02 -2.057200e-04
1.101000e+01 3.777252e-01 -1.729433e-02 2.280026e-02 -1.567168e-04
1.101000e+01 5.288205e-01 -2.055845e-02 2.924922e-02 -1.135982e-04
1.101000e+01 7.401737e-01 -2.225836e-02 3.555473e-02 -7.431849e-05
1.101000e+01 1.036455e+00 -2.154238e-02 4.065000e-02 -4.350372e-05
1.101000e+01 1.451071e+00 -1.963999e-02 4.552767e-02 -2.398464e-05
1.101000e+01 2.031429e+00 -1.845628e-02 5.342986e-02 -1.362113e-05
1.101000e+01 2.784068e+00 -1.830744e-02 5.961426e-02 -9.169190e-06
1.101000e+01 3.580407e+00 -1.636165e-02 5.073941e-02 -1.304124e-05
1.125000e+01 2.094395e-02 -2.038647e-04 3.258989e-04 -9.117107e-05
1.125000e+01 3.183814e-02 -7.876138e-04 1.083424e-03 -2.273645e-04
1.125000e+01 4.770840e-02 -1.176152e-03 1.637996e-03 -2.047419e-04
1.125000e+01 7.025257e-02 -2.085243e-03 3.085462e-03 -2.117243e-04
1.125000e+01 9.773653e-02 -3.982758e-03 5.634776e-03 -2.774919e-04
1.125000e+01 1.368335e-01 -5.909561e-03 8.302609e-03 -2.354425e-04
1.125000e+01 1.929536e-01 -8.731559e-03 1.226938e-02 -2.141143e-04
1.125000e+01 2.695639e-01 -1.199405e-02 1.682762e-02 -1.810642e-04
1.125000e+01 3.777252e-01 -1.530516e-02 2.190623e-02 -1.386915e-04
1.125000e+01 5.288205e-01 -1.844348e-02 2.810635e-02 -1.019117e-04
1.125000e+01 7.401737e-01 -2.025299e-02 3.420229e-02 -6.762276e-05
1.125000e+01 1.036455e+00 -1.989533e-02 3.921128e-02 -4.017758e-05
1.125000e+01 1.451071e+00 -1.841687e-02 4.428201e-02 -2.249094e-05
1.125000e+01 2.031429e+00 -1.757072e-02 5.244759e-02 -1.296756e-05
1.125000e+01 2.784068e+00 -1.754581e-02 5.856707e-02 -8.787728e-06
1.125000e+01 3.580407e+00 -1.561354e-02 4.964467e-02 -1.244495e-05
1.150000e+01 2.094395e-02 -1.753913e-04 3.130173e-04 -7.843736e-05
1.150000e+01 3.183814e-02 -6.817789e-04 1.040263e-03 -1.968126e-04
1.150000e+01 4.770840e-02 -1.022216e-03 1.572991e-03 -1.779450e-04
1.150000e+01 7.025257e-02 -1.813001e-03 2.962929e-03 -1.840824e-04
1.150000e+01 9.773653e-02 -3.464162e-03 5.410600e-03 -2.413596e-04
1.150000e+01 1.368335e-01 -5.131253e-03 7.972734e-03 -2.044340e-04
1.150000e+01 1.929536e-01 -7.624413e-03 1.178256e-02 -1.869650e-04
1.150000e+01 2.695639e-01 -1.049401e-02 1.615882e-02 -1.584193e-04
1.150000e+01 3.777252e-01 -1.345817e-02 2.102732e-02 -1.219545e-04
1.150000e+01 5.288205e-01 -1.642562e-02 2.699267e-02 -9.076176e-05
1.150000e+01 7.401737e-01 -1.825948e-02 3.286485e-02 -6.096662e-05
1.150000e+01 1.036455e+00 -1.819611e-02 3.780214e-02 -3.674609e-05
1.150000e+01 1.451071e+00 -1.714606e-02 4.308607e-02 -2.093902e-05
1.150000e+01 2.031429e+00 -1.658299e-02 5.144793e-02 -1.223860e-05
1.150000e+01 2.784068e+00 -1.670280e-02 5.748013e-02 -8.365514e-06
1.150000e+01 3.580407e+00 -1.472095e-02 4.855868e-02 -1.173350e-05
1.175000e+01 2.094395e-02 -1.518599e-04 3.009134e-04 -6.791380e-05
1.175000e+01 3.183814e-02 -5.877003e-04 9.998227e-04 -1.696545e-04
1.175000e+01 4.770840e-02 -8.859487e-04 1.512102e-03 -1.542239e-04
1.175000e+01 7.025257e-02 -1.566729e-03 2.847703e-03 -1.590772e-04
1.175000e+01 9.773653e-02 -2.999758e-03 5.200387e-03 -2.090030e-04
1.175000e+01 1.368335e-01 -4.452685e-03 7.661085e-03 -1.773992e-04
1.175000e+01 1.929536e-01 -6.621007e-03 1.132272e-02 -1.623596e-04
1.175000e+01 2.695639e-01 -9.150498e-03 1.553182e-02 -1.381374e-04
1.175000e+01 3.777252e-01 -1.178231e-02 2.020651e-02 -1.067683e-04
1.175000e+01 5.288205e-01 -1.454168e-02 2.593377e-02 -8.035179e-05
1.175000e+01 7.401737e-01 -1.639199e-02 3.162691e-02 -5.473126e-05
1.175000e+01 1.036455e+00 -1.655107e-02 3.648177e-02 -3.342403e-05
1.175000e+01 1.451071e+00 -1.584600e-02 4.196274e-02 -1.935136e-05
1.175000e+01 2.031429e+00 -1.556746e-02 5.051046e-02 -1.148912e-05
1.175000e+01 2.784068e+00 -1.576890e-02 5.641293e-02 -7.897774e-06
1.175000e+01 3.580407e+00 -1.378497e-02 4.746786e-02 -1.098747e-05
1.200000e+01 2.094395e-02 -1.301270e-04 2.894371e-04 -5.819457e-05
1.200000e+01 3.183814e-02 -5.060990e-04 9.616187e-04 -1.460982e-04
1.200000e+01 4.770840e-02 -7.659499e-04 1.454473e-03 -1.333348e-04
1.200000e+01 7.025257e-02 -1.352418e-03 2.739268e-03 -1.373172e-04
1.200000e+01 9.773653e-02 -2.588755e-03 5.001585e-03 -1.803671e-04
1.200000e+01 1.368335e-01 -3.845712e-03 7.368183e-03 -1.532168e-04
1.200000e+01 1.929536e-01 -5.719437e-03 1.089029e-02 -1.402514e-04
1.200000e+01 2.695639e-01 -7.932063e-03 1.494123e-02 -1.197437e-04
1.200000e+01 3.777252e-01 -1.025781e-02 1.943298e-02 -9.295371e-05
1.200000e+01 5.288205e-01 -1.279731e-02 2.494346e-02 -7.071309e-05
1.200000e+01 7.401737e-01 -1.459191e-02 3.045934e-02 -4.872096e-05
1.200000e+01 1.036455e+00 -1.495912e-02 3.526917e-02 -3.020916e-05
1.200000e+01 1.451071e+00 -1.455103e-02 4.091732e-02 -1.776992e-05
1.200000e+01 2.031429e+00 -1.449718e-02 4.960381e-02 -1.069923e-05
1.200000e+01 2.784068e+00 -1.477688e-02 5.535138e-02 -7.400926e-06
1.200000e+01 3.580407e+00 -1.290704e-02 4.648291e-02 -1.028770e-05
1.226000e+01 2.094395e-02 -1.109138e-04 2.781601e-04 -4.960218e-05
1.226000e+01 3.183814e-02 -4.334528e-04 9.242841e-04 -1.251270e-04
1.226000e+01 4.770840e-02 -6.600787e-04 1.398138e-03 -1.149050e-04
1.226000e+01 7.025257e-02 -1.159651e-03 2.632949e-03 -1.177448e-04
1.226000e+01 9.773653e-02 -2.224294e-03 4.806424e-03 -1.549739e-04
1.226000e+01 1.368335e-01 -3.304034e-03 7.081351e-03 -1.316359e-04
1.226000e+01 1.929536e-01 -4.914539e-03 1.046791e-02 -1.205138e-04
1.226000e+01 2.695639e-01 -6.846940e-03 1.436577e-02 -1.033625e-04
1.226000e+01 3.777252e-01 -8.868913e-03 1.867967e-02 -8.036786e-05
1.226000e+01 5.288205e-01 -1.117734e-02 2.398004e-02 -6.176173e-05
1.226000e+01 7.401737e-01 -1.289976e-02 2.932876e-02 -4.307104e-05
1.226000e+01 1.036455e+00 -1.340571e-02 3.407275e-02 -2.707213e-05
1.226000e+01 1.451071e+00 -1.328699e-02 3.990558e-02 -1.622627e-05
1.226000e+01 2.031429e+00 -1.343699e-02 4.870903e-02 -9.916786e-06
1.226000e+01 2.784068e+00 -1.380826e-02 5.430560e-02 -6.915795e-06
1.226000e+01 3.580407e+00 -1.198765e-02 4.544627e-02 -9.554898e-06
1.253000e+01 2.094395e-02 -9.482354e-05 2.671725e-04 -4.240638e-05
1.253000e+01 3.183814e-02 -3.710302e-04 8.877279e-04 -1.071072e-04
1.253000e+01 4.770840e-02 -5.667783e-04 1.342880e-03 -9.866344e-05
1.253000e+01 7.025257e-02 -9.958132e-04 2.528980e-03 -1.011095e-04
1.253000e+01 9.773653e-02 -1.902725e-03 4.615643e-03 -1.325691e-04
1.253000e+01 1.368335e-01 -2.822628e-03 6.801378e-03 -1.124562e-04
1.253000e+01 1.929536e-01 -4.210150e-03 1.005396e-02 -1.032408e-04
1.253000e+01 2.695639e-01 -5.882491e-03 1.380269e-02 -8.880307e-05
1.253000e+01 3.777252e-01 -7.632617e-03 1.794068e-02 -6.916486e-05
1.253000e+01 5.288205e-01 -9.696305e-03 2.303347e-02 -5.357810e-05
1.253000e+01 7.401737e-01 -1.133257e-02 2.822136e-02 -3.783834e-05
1.253000e+01 1.036455e+00 -1.195322e-02 3.294081e-02 -2.413890e-05
1.253000e+01 1.451071e+00 -1.205652e-02 3.892061e-02 -1.472360e-05
1.253000e+01 2.031429e+00 -1.236388e-02 4.777341e-02 -9.124803e-06
1.253000e+01 2.784068e+00 -1.282203e-02 5.323062e-02 -6.421848e-06
1.253000e+01 3.580407e+00 -1.119038e-02 4.447459e-02 -8.919424e-06
1.280000e+01 2.094395e-02 -8.089596e-05 2.568111e-04 -3.617777e-05
1.280000e+01 3.183814e-02 -3.167363e-04 8.533464e-04 -9.143389e-05
1.280000e+01 4.770840e-02 -4.815733e-04 1.290891e-03 -8.383115e-05
1.280000e+01 7.025257e-02 -8.491432e-04 2.431234e-03 -8.621743e-05
1.280000e+01 9.773653e-02 -1.624904e-03 4.435556e-03 -1.132124e-04
1.280000e+01 1.368335e-01 -2.401504e-03 6.537742e-03 -9.567821e-05
1.280000e+01 1.929536e-01 -3.587598e-03 9.664511e-03 -8.797467e-05
1.280000e+01 2.695639e-01 -5.021303e-03 1.326908e-02 -7.580242e-05
1.280000e+01 3.777252e-01 -6.536852e-03 1.724605e-02 -5.923531e-05
1.280000e+01 5.288205e-01 -8.361038e-03 2.215802e-02 -4.619993e-05
1.280000e+01 7.401737e-01 -9.869985e-03 2.717636e-02 -3.295492e-05
1.280000e+01 1.036455e+00 -1.056708e-02 3.189180e-02 -2.133967e-05
1.280000e+01 1.451071e+00 -1.084032e-02 3.798168e-02 -1.323836e-05
1.280000e+01 2.031429e+00 -1.131604e-02 4.693173e-02 -8.351480e-06
1.280000e+01 2.784068e+00 -1.182309e-02 5.220178e-02 -5.921536e-06
1.280000e+01 3.580407e+00 -1.029266e-02 4.355206e-02 -8.203886e-06
1.308000e+01 2.094395e-02 -6.836693e-05 2.466786e-04 -3.057462e-05
1.308000e+01 3.183814e-02 -2.689774e-04 8.197537e-04 -7.764710e-05
1.308000e+01 4.770840e-02 -4.077702e-04 1.240062e-03 -7.098369e-05
1.308000e+01 7.025257e-02 -7.186557e-04 2.335847e-03 -7.296843e-05
1.308000e+01 9.773653e-02 -1.380329e-03 4.261479e-03 -9.617207e-05
1.308000e+01 1.368335e-01 -2.031885e-03 6.279838e-03 -8.095225e-05
1.308000e+01 1.929536e-01 -3.035369e-03 9.282788e-03 -7.443297e-05
1.308000e+01 2.695639e-01 -4.265446e-03 1.275247e-02 -6.439189e-05
1.308000e+01 3.777252e-01 -5.567730e-03 1.656946e-02 -5.045337e-05
1.308000e+01 5.288205e-01 -7.168152e-03 2.129897e-02 -3.960849e-05
1.308000e+01 7.401737e-01 -8.539759e-03 2.615422e-02 -2.851342e-05
1.308000e+01 1.036455e+00 -9.294798e-03 3.088516e-02 -1.877036e-05
1.308000e+01 1.451071e+00 -9.701327e-03 3.711492e-02 -1.184740e-05
1.308000e+01 2.031429e+00 -1.028052e-02 4.601745e-02 -7.587242e-06
1.308000e+01 2.784068e+00 -1.083064e-02 5.111602e-02 -5.424471e-06
1.308000e+01 3.580407e+00 -9.450078e-03 4.260469e-02 -7.532293e-06
1.336000e+01 2.094395e-02 -5.771225e-05 2.371536e-04 -2.580970e-05
1.336000e+01 3.183814e-02 -2.275899e-04 7.882243e-04 -6.569954e-05
1.336000e+01 4.770840e-02 -3.425141e-04 1.192253e-03 -5.962405e-05
1.336000e+01 7.025257e-02 -6.084685e-04 2.245833e-03 -6.178061e-05
1.336000e+01 9.773653e-02 -1.163599e-03 4.095638e-03 -8.107175e-05
1.336000e+01 1.368335e-01 -1.714133e-03 6.037880e-03 -6.829268e-05
1.336000e+01 1.929536e-01 -2.564976e-03 8.924273e-03 -6.289805e-05
1.336000e+01 2.695639e-01 -3.600526e-03 1.226334e-02 -5.435414e-05
1.336000e+01 3.777252e-01 -4.717503e-03 1.593333e-02 -4.274883e-05
1.336000e+01 5.288205e-01 -6.108514e-03 2.049031e-02 -3.375333e-05
1.336000e+01 7.401737e-01 -7.347887e-03 2.520862e-02 -2.453388e-05
1.336000e+01 1.036455e+00 -8.108531e-03 2.992429e-02 -1.637476e-05
1.336000e+01 1.451071e+00 -8.611184e-03 3.629724e-02 -1.051610e-05
1.336000e+01 2.031429e+00 -9.288625e-03 4.518919e-02 -6.855203e-06
1.336000e+01 2.784068e+00 -9.864823e-03 5.009696e-02 -4.940747e-06
1.336000e+01 3.580407e+00 -8.682957e-03 4.168344e-02 -6.920851e-06
1.365000e+01 2.094395e-02 -4.856319e-05 2.278698e-04 -2.171812e-05
1.365000e+01 3.183814e-02 -1.916494e-04 7.574183e-04 -5.532440e-05
1.365000e+01 4.770840e-02 -2.875874e-04 1.145681e-03 -5.006253e-05
1.365000e+01 7.025257e-02 -5.082082e-04 2.157793e-03 -5.160073e-05
1.365000e+01 9.773653e-02 -9.760096e-04 3.934631e-03 -6.800181e-05
1.365000e+01 1.368335e-01 -1.436365e-03 5.801990e-03 -5.722614e-05
1.365000e+01 1.929536e-01 -2.155843e-03 8.574887e-03 -5.286534e-05
1.365000e+01 2.695639e-01 -3.027868e-03 1.178981e-02 -4.570920e-05
1.365000e+01 3.777252e-01 -3.977174e-03 1.531356e-02 -3.604015e-05
1.365000e+01 5.288205e-01 -5.173442e-03 1.970201e-02 -2.858648e-05
1.365000e+01 7.401737e-01 -6.283746e-03 2.429635e-02 -2.098082e-05
1.365000e+01 1.036455e+00 -7.045720e-03 2.904158e-02 -1.422847e-05
1.365000e+01 1.451071e+00 -7.600034e-03 3.550492e-02 -9.281270e-06
1.365000e+01 2.031429e+00 -8.349256e-03 4.437170e-02 -6.161929e-06
1.365000e+01 2.784068e+00 -8.954183e-03 4.906984e-02 -4.484657e-06
1.365000e+01 3.580407e+00 -7.908156e-03 4.076262e-02 -6.303287e-06
1.394000e+01 2.094395e-02 -4.049675e-05 2.190931e-04 -1.811070e-05
1.394000e+01 3.183814e-02 -1.604822e-04 7.283243e-04 -4.632724e-05
1.394000e+01 4.770840e-02 -2.395249e-04 1.101772e-03 -4.169594e-05
1.394000e+01 7.025257e-02 -4.250242e-04 2.075375e-03 -4.315467e-05
1.394000e+01 9.773653e-02 -8.162460e-04 3.783439e-03 -5.687055e-05
1.394000e+01 1.368335e-01 -1.202036e-03 5.579340e-03 -4.789027e-05
1.394000e+01 1.929536e-01 -1.805662e-03 8.245273e-03 -4.427824e-05
1.394000e+01 2.695639e-01 -2.540772e-03 1.134144e-02 -3.835592e-05
1.394000e+01 3.777252e-01 -3.340523e-03 1.473043e-02 -3.027098e-05
1.394000e+01 5.288205e-01 -4.364367e-03 1.896924e-02 -2.411584e-05
1.394000e+01 7.401737e-01 -5.346347e-03 2.343789e-02 -1.785093e-05
1.394000e+01 1.036455e+00 -6.086739e-03 2.818980e-02 -1.229185e-05
1.394000e+01 1.451071e+00 -6.686164e-03 3.477051e-02 -8.165239e-06
1.394000e+01 2.031429e+00 -7.472128e-03 4.358167e-02 -5.514589e-06
1.394000e+01 2.784068e+00 -8.078082e-03 4.807704e-02 -4.045867e-06
1.394000e+01 3.580407e+00 -7.138634e-03 3.989146e-02 -5.689931e-06
1.424000e+01 2.094395e-02 -3.358655e-05 2.105328e-04 -1.502036e-05
1.424000e+01 3.183814e-02 -1.336256e-04 6.999805e-04 -3.857437e-05
1.424000e+01 4.770840e-02 -1.989864e-04 1.058745e-03 -3.463909e-05
1.424000e+01 7.025257e-02 -3.539400e-04 1.994816e-03 -3.593716e-05
1.424000e+01 9.773653e-02 -6.785662e-04 3.635518e-03 -4.727794e-05
1.424000e+01 1.368335e-01 -9.976930e-04 5.362165e-03 -3.974904e-05
1.424000e+01 1.929536e-01 -1.504267e-03 7.923069e-03 -3.688745e-05
1.424000e+01 2.695639e-01 -2.119318e-03 1.090104e-02 -3.199357e-05
1.424000e+01 3.777252e-01 -2.791996e-03 1.415747e-02 -2.530037e-05
1.424000e+01 5.288205e-01 -3.665021e-03 1.824693e-02 -2.025152e-05
1.424000e+01 7.401737e-01 -4.523875e-03 2.261237e-02 -1.510478e-05
1.424000e+01 1.036455e+00 -5.226915e-03 2.738577e-02 -1.055548e-05
1.424000e+01 1.451071e+00 -5.844787e-03 3.407248e-02 -7.137737e-06
1.424000e+01 2.031429e+00 -6.634768e-03 4.275428e-02 -4.896600e-06
1.424000e+01 2.784068e+00 -7.244116e-03 4.709549e-02 -3.628179e-06
1.424000e+01 3.580407e+00 -6.437641e-03 3.904385e-02 -5.131196e-06
1.454000e+01 2.094395e-02 -2.794490e-05 2.024981e-04 -1.249734e-05
1.454000e+01 3.183814e-02 -1.115367e-04 6.732557e-04 -3.219786e-05
1.454000e+01 4.770840e-02 -1.655865e-04 1.018290e-03 -2.882490e-05
1.454000e+01 7.025257e-02 -2.946980e-04 1.918524e-03 -2.992205e-05
1.454000e+01 9.773653e-02 -5.630621e-04 3.496735e-03 -3.923040e-05
1.454000e+01 1.368335e-01 -8.239044e-04 5.155697e-03 -3.282514e-05
1.454000e+01 1.929536e-01 -1.250971e-03 7.620436e-03 -3.067616e-05
1.454000e+01 2.695639e-01 -1.762286e-03 1.048660e-02 -2.660376e-05
1.454000e+01 3.777252e-01 -2.326005e-03 1.362577e-02 -2.107768e-05
1.454000e+01 5.288205e-01 -3.058319e-03 1.756624e-02 -1.689911e-05
1.454000e+01 7.401737e-01 -3.803217e-03 2.183235e-02 -1.269857e-05
1.454000e+01 1.036455e+00 -4.459447e-03 2.663097e-02 -9.005621e-06
1.454000e+01 1.451071e+00 -5.081292e-03 3.343257e-02 -6.205346e-06
1.454000e+01 2.031429e+00 -5.860573e-03 4.198965e-02 -4.325227e-06
1.454000e+01 2.784068e+00 -6.460428e-03 4.616920e-02 -3.235673e-06
1.454000e+01 3.580407e+00 -5.799603e-03 3.830550e-02 -4.622641e-06
1.485000e+01 2.094395e-02 -2.340292e-05 1.946490e-04 -1.046610e-05
1.485000e+01 3.183814e-02 -9.186675e-05 6.471416e-04 -2.651965e-05
1.485000e+01 4.770840e-02 -1.367789e-04 9.790042e-04 -2.381015e-05
1.485000e+01 7.025257e-02 -2.423967e-04 1.844206e-03 -2.461165e-05
1.485000e+01 9.773653e-02 -4.640920e-04 3.361457e-03 -3.233482e-05
1.485000e+01 1.368335e-01 -6.809374e-04 4.955489e-03 -2.712919e-05
1.485000e+01 1.929536e-01 -1.033710e-03 7.322990e-03 -2.534852e-05
1.485000e+01 2.695639e-01 -1.456678e-03 1.008085e-02 -2.199025e-05
1.485000e+01 3.777252e-01 -1.925498e-03 1.310356e-02 -1.744838e-05
1.485000e+01 5.288205e-01 -2.539017e-03 1.691010e-02 -1.402965e-05
1.485000e+01 7.401737e-01 -3.184909e-03 2.109600e-02 -1.063410e-05
1.485000e+01 1.036455e+00 -3.785976e-03 2.592987e-02 -7.645581e-06
1.485000e+01 1.451071e+00 -4.388126e-03 3.279662e-02 -5.358842e-06
1.485000e+01 2.031429e+00 -5.140640e-03 4.118022e-02 -3.793902e-06
1.485000e+01 2.784068e+00 -5.742537e-03 4.527682e-02 -2.876121e-06
1.485000e+01 3.580407e+00 -5.183569e-03 3.761306e-02 -4.131623e-06
1.517000e+01 2.094395e-02 -1.922625e-05 1.869872e-04 -8.598242e-06
1.517000e+01 3.183814e-02 -7.577230e-05 6.217473e-04 -2.187358e-05
1.517000e+01 4.770840e-02 -1.106948e-04 9.407231e-04 -1.926949e-05
1.517000e+01 7.025257e-02 -1.976451e-04 1.771776e-03 -2.006782e-05
1.517000e+01 9.773653e-02 -3.795769e-04 3.230288e-03 -2.644638e-05
1.517000e+01 1.368335e-01 -5.562080e-04 4.761118e-03 -2.215986e-05
1.517000e+01 1.929536e-01 -8.483883e-04 7.038186e-03 -2.080408e-05
1.517000e+01 2.695639e-01 -1.190880e-03 9.686664e-03 -1.797772e-05
1.517000e+01 3.777252e-01 -1.581907e-03 1.259805e-02 -1.433485e-05
1.517000e+01 5.288205e-01 -2.089310e-03 1.628215e-02 -1.154474e-05
1.517000e+01 7.401737e-01 -2.643397e-03 2.038735e-02 -8.826046e-06
1.517000e+01 1.036455e+00 -3.185259e-03 2.525414e-02 -6.432465e-06
1.517000e+01 1.451071e+00 -3.756395e-03 3.216885e-02 -4.587363e-06
1.517000e+01 2.031429e+00 -4.469821e-03 4.038385e-02 -3.298823e-06
1.517000e+01 2.784068e+00 -5.060686e-03 4.435388e-02 -2.534619e-06
1.517000e+01 3.580407e+00 -4.586878e-03 3.682398e-02 -3.656024e-06
1.549000e+01 2.094395e-02 -1.609004e-05 1.798039e-04 -7.195686e-06
1.549000e+01 3.183814e-02 -6.198525e-05 5.978288e-04 -1.789360e-05
1.549000e+01 4.770840e-02 -9.018710e-05 9.046786e-04 -1.569956e-05
1.549000e+01 7.025257e-02 -1.613186e-04 1.703747e-03 -1.637942e-05
1.549000e+01 9.773653e-02 -3.086787e-04 3.106164e-03 -2.150666e-05
1.549000e+01 1.368335e-01 -4.532204e-04 4.577962e-03 -1.805673e-05
1.549000e+01 1.929536e-01 -6.924609e-04 6.770448e-03 -1.698045e-05
1.549000e+01 2.695639e-01 -9.709162e-04 9.311794e-03 -1.465711e-05
1.549000e+01 3.777252e-01 -1.291390e-03 1.211711e-02 -1.170225e-05
1.549000e+01 5.288205e-01 -1.702721e-03 1.568688e-02 -9.408592e-06
1.549000e+01 7.401737e-01 -2.183383e-03 1.971625e-02 -7.290104e-06
1.549000e+01 1.036455e+00 -2.662456e-03 2.460398e-02 -5.376692e-06
1.549000e+01 1.451071e+00 -3.201368e-03 3.157294e-02 -3.909556e-06
1.549000e+01 2.031429e+00 -3.878364e-03 3.966065e-02 -2.862315e-06
1.549000e+01 2.784068e+00 -4.450968e-03 4.346574e-02 -2.229245e-06
1.549000e+01 3.580407e+00 -4.066041e-03 3.610956e-02 -3.240885e-06
1.582000e+01 2.094395e-02 -1.333227e-05 1.727886e-04 -5.962374e-06
1.582000e+01 3.183814e-02 -4.977715e-05 5.746037e-04 -1.436942e-05
1.582000e+01 4.770840e-02 -7.266290e-05 8.696011e-04 -1.264899e-05
1.582000e+01 7.025257e-02 -1.302631e-04 1.637227e-03 -1.322621e-05
1.582000e+01 9.773653e-02 -2.506692e-04 2.985151e-03 -1.746495e-05
1.582000e+01 1.368335e-01 -3.673436e-04 4.399038e-03 -1.463532e-05
1.582000e+01 1.929536e-01 -5.648947e-04 6.508511e-03 -1.385228e-05
1.582000e+01 2.695639e-01 -7.899112e-04 8.947818e-03 -1.192463e-05
1.582000e+01 3.777252e-01 -1.053443e-03 1.165328e-02 -9.546034e-06
1.582000e+01 5.288205e-01 -1.384831e-03 1.510708e-02 -7.652051e-06
1.582000e+01 7.401737e-01 -1.790638e-03 1.907907e-02 -5.978767e-06
1.582000e+01 1.036455e+00 -2.217060e-03 2.399921e-02 -4.477238e-06
1.582000e+01 1.451071e+00 -2.714154e-03 3.099440e-02 -3.314564e-06
1.582000e+01 2.031429e+00 -3.336941e-03 3.890146e-02 -2.462734e-06
1.582000e+01 2.784068e+00 -3.877513e-03 4.255790e-02 -1.942033e-06
1.582000e+01 3.580407e+00 -3.585863e-03 3.547524e-02 -2.858154e-06
1.616000e+01 2.094395e-02 -1.109431e-05 1.660056e-04 -4.961525e-06
1.616000e+01 3.183814e-02 -3.974394e-05 5.520291e-04 -1.147309e-05
1.616000e+01 4.770840e-02 -5.810157e-05 8.354332e-04 -1.011418e-05
1.616000e+01 7.025257e-02 -1.052181e-04 1.572838e-03 -1.068328e-05
1.616000e+01 9.773653e-02 -2.028638e-04 2.867974e-03 -1.413419e-05
1.616000e+01 1.368335e-01 -2.977428e-04 4.225692e-03 -1.186236e-05
1.616000e+01 1.929536e-01 -4.565745e-04 6.253949e-03 -1.119607e-05
1.616000e+01 2.695639e-01 -6.364797e-04 8.595492e-03 -9.608403e-06
1.616000e+01 3.777252e-01 -8.512659e-04 1.120333e-02 -7.713958e-06
1.616000e+01 5.288205e-01 -1.119548e-03 1.455606e-02 -6.186199e-06
1.616000e+01 7.401737e-01 -1.460404e-03 1.846465e-02 -4.876147e-06
1.616000e+01 1.036455e+00 -1.831630e-03 2.342233e-02 -3.698882e-06
1.616000e+01 1.451071e+00 -2.282108e-03 3.040277e-02 -2.786943e-06
1.616000e+01 2.031429e+00 -2.857435e-03 3.813339e-02 -2.108848e-06
1.616000e+01 2.784068e+00 -3.348575e-03 4.172283e-02 -1.677117e-06
1.616000e+01 3.580407e+00 -3.114510e-03 3.476685e-02 -2.482456e-06
1.650000e+01 2.094395e-02 -9.066336e-06 1.596038e-04 -4.054589e-06
1.650000e+01 3.183814e-02 -3.192833e-05 5.307840e-04 -9.216915e-06
1.650000e+01 4.770840e-02 -4.665651e-05 8.033566e-04 -8.121856e-06
1.650000e+01 7.025257e-02 -8.425675e-05 1.512079e-03 -8.554977e-06
1.650000e+01 9.773653e-02 -1.633833e-04 2.757577e-03 -1.138345e-05
1.650000e+01 1.368335e-01 -2.380323e-04 4.062204e-03 -9.483435e-06
1.650000e+01 1.929536e-01 -3.680047e-04 6.013620e-03 -9.024170e-06
1.650000e+01 2.695639e-01 -5.126646e-04 8.263252e-03 -7.739270e-06
1.650000e+01 3.777252e-01 -6.862075e-04 1.078069e-02 -6.218240e-06
1.650000e+01 5.288205e-01 -9.028695e-04 1.403346e-02 -4.988914e-06
1.650000e+01 7.401737e-01 -1.182684e-03 1.789050e-02 -3.948866e-06
1.650000e+01 1.036455e+00 -1.503036e-03 2.288354e-02 -3.035303e-06
1.650000e+01 1.451071e+00 -1.909083e-03 2.985561e-02 -2.331400e-06
1.650000e+01 2.031429e+00 -2.423753e-03 3.738749e-02 -1.788781e-06
1.650000e+01 2.784068e+00 -2.876048e-03 4.087931e-02 -1.440454e-06
1.650000e+01 3.580407e+00 -2.673448e-03 3.416383e-02 -2.130902e-06
1.685000e+01 2.094395e-02 -7.207175e-06 1.533688e-04 -3.223147e-06
1.685000e+01 3.183814e-02 -2.559746e-05 5.101571e-04 -7.389350e-06
1.685000e+01 4.770840e-02 -3.690856e-05 7.722258e-04 -6.424956e-06
1.685000e+01 7.025257e-02 -6.706555e-05 1.453235e-03 -6.809475e-06
1.685000e+01 9.773653e-02 -1.314466e-04 2.651033e-03 -9.158318e-06
1.685000e+01 1.368335e-01 -1.916355e-04 3.903935e-03 -7.634943e-06
1.685000e+01 1.929536e-01 -2.939390e-04 5.780422e-03 -7.207938e-06
1.685000e+01 2.695639e-01 -4.074165e-04 7.941916e-03 -6.150428e-06
1.685000e+01 3.777252e-01 -5.484767e-04 1.037302e-02 -4.970158e-06
1.685000e+01 5.288205e-01 -7.222392e-04 1.353096e-02 -3.990820e-06
1.685000e+01 7.401737e-01 -9.554082e-04 1.734156e-02 -3.190015e-06
1.685000e+01 1.036455e+00 -1.227978e-03 2.236876e-02 -2.479838e-06
1.685000e+01 1.451071e+00 -1.585205e-03 2.930686e-02 -1.935875e-06
1.685000e+01 2.031429e+00 -2.043843e-03 3.666166e-02 -1.508400e-06
1.685000e+01 2.784068e+00 -2.445575e-03 4.004125e-02 -1.224854e-06
1.685000e+01 3.580407e+00 -2.284414e-03 3.358334e-02 -1.820818e-06
1.721000e+01 2.094395e-02 -5.920097e-06 1.473151e-04 -2.647548e-06
1.721000e+01 3.183814e-02 -1.997962e-05 4.901514e-04 -5.767619e-06
1.721000e+01 4.770840e-02 -2.926206e-05 7.420235e-04 -5.093871e-06
1.721000e+01 7.025257e-02 -5.379351e-05 1.396030e-03 -5.461904e-06
1.721000e+01 9.773653e-02 -1.042393e-04 2.548262e-03 -7.262699e-06
1.721000e+01 1.368335e-01 -1.515599e-04 3.749932e-03 -6.038293e-06
1.721000e+01 1.929536e-01 -2.326752e-04 5.556157e-03 -5.705636e-06
1.721000e+01 2.695639e-01 -3.224180e-04 7.631320e-03 -4.867275e-06
1.721000e+01 3.777252e-01 -4.355020e-04 9.975223e-03 -3.946409e-06
1.721000e+01 5.288205e-01 -5.747033e-04 1.304835e-02 -3.175593e-06
1.721000e+01 7.401737e-01 -7.637600e-04 1.682329e-02 -2.550120e-06
1.721000e+01 1.036455e+00 -9.968407e-04 2.187612e-02 -2.013068e-06
1.721000e+01 1.451071e+00 -1.301251e-03 2.876708e-02 -1.589106e-06
1.721000e+01 2.031429e+00 -1.706785e-03 3.592841e-02 -1.259643e-06
1.721000e+01 2.784068e+00 -2.064254e-03 3.923561e-02 -1.033871e-06
1.721000e+01 3.580407e+00 -1.953901e-03 3.304410e-02 -1.557379e-06
1.757000e+01 2.094395e-02 -4.832930e-06 1.416237e-04 -2.161352e-06
1.757000e+01 3.183814e-02 -1.594045e-05 4.712988e-04 -4.601610e-06
1.757000e+01 4.770840e-02 -2.302887e-05 7.136048e-04 -4.008812e-06
1.757000e+01 7.025257e-02 -4.226855e-05 1.342266e-03 -4.291721e-06
1.757000e+01 9.773653e-02 -8.164898e-05 2.451325e-03 -5.688754e-06
1.757000e+01 1.368335e-01 -1.191528e-04 3.606456e-03 -4.747163e-06
1.757000e+01 1.929536e-01 -1.846038e-04 5.343404e-03 -4.526833e-06
1.757000e+01 2.695639e-01 -2.541930e-04 7.339989e-03 -3.837340e-06
1.757000e+01 3.777252e-01 -3.454999e-04 9.607018e-03 -3.130833e-06
1.757000e+01 5.288205e-01 -4.557008e-04 1.259734e-02 -2.518030e-06
1.757000e+01 7.401737e-01 -6.111326e-04 1.633018e-02 -2.040512e-06
1.757000e+01 1.036455e+00 -8.093538e-04 2.142855e-02 -1.634448e-06
1.757000e+01 1.451071e+00 -1.067020e-03 2.825249e-02 -1.303060e-06
1.757000e+01 2.031429e+00 -1.420587e-03 3.522355e-02 -1.048423e-06
1.757000e+01 2.784068e+00 -1.738904e-03 3.848013e-02 -8.709215e-07
1.757000e+01 3.580407e+00 -1.637781e-03 3.244568e-02 -1.305412e-06
1.794000e+01 2.094395e-02 -3.804079e-06 1.361005e-04 -1.701236e-06
1.794000e+01 3.183814e-02 -1.252245e-05 4.529176e-04 -3.614920e-06
1.794000e+01 4.770840e-02 -1.813567e-05 6.859850e-04 -3.157014e-06
1.794000e+01 7.025257e-02 -3.356849e-05 1.290193e-03 -3.408363e-06
1.794000e+01 9.773653e-02 -6.462465e-05 2.356432e-03 -4.502613e-06
1.794000e+01 1.368335e-01 -9.379693e-05 3.466204e-03 -3.736959e-06
1.794000e+01 1.929536e-01 -1.446558e-04 5.136885e-03 -3.547233e-06
1.794000e+01 2.695639e-01 -2.004976e-04 7.058706e-03 -3.026745e-06
1.794000e+01 3.777252e-01 -2.728587e-04 9.249497e-03 -2.472577e-06
1.794000e+01 5.288205e-01 -3.616949e-04 1.216434e-02 -1.998589e-06
1.794000e+01 7.401737e-01 -4.860756e-04 1.586833e-02 -1.622959e-06
1.794000e+01 1.036455e+00 -6.516877e-04 2.098238e-02 -1.316049e-06
1.794000e+01 1.451071e+00 -8.662099e-04 2.774607e-02 -1.057828e-06
1.794000e+01 2.031429e+00 -1.175021e-03 3.452603e-02 -8.671902e-07
1.794000e+01 2.784068e+00 -1.448720e-03 3.771653e-02 -7.255840e-07
1.794000e+01 3.580407e+00 -1.365625e-03 3.197287e-02 -1.088487e-06
1.832000e+01 2.094395e-02 -2.953900e-06 1.307745e-04 -1.321024e-06
1.832000e+01 3.183814e-02 -9.854259e-06 4.351779e-04 -2.844679e-06
1.832000e+01 4.770840e-02 -1.429677e-05 6.592995e-04 -2.488749e-06
1.832000e+01 7.025257e-02 -2.616085e-05 1.239758e-03 -2.656232e-06
1.832000e+01 9.773653e-02 -5.085066e-05 2.264926e-03 -3.542934e-06
1.832000e+01 1.368335e-01 -7.254986e-05 3.330124e-03 -2.890455e-06
1.832000e+01 1.929536e-01 -1.126154e-04 4.936353e-03 -2.761543e-06
1.832000e+01 2.695639e-01 -1.563085e-04 6.787725e-03 -2.359659e-06
1.832000e+01 3.777252e-01 -2.133996e-04 8.902534e-03 -1.933773e-06
1.832000e+01 5.288205e-01 -2.835118e-04 1.174139e-02 -1.566579e-06
1.832000e+01 7.401737e-01 -3.847891e-04 1.541481e-02 -1.284773e-06
1.832000e+01 1.036455e+00 -5.200547e-04 2.055579e-02 -1.050223e-06
1.832000e+01 1.451071e+00 -7.009065e-04 2.724634e-02 -8.559570e-07
1.832000e+01 2.031429e+00 -9.571562e-04 3.384177e-02 -7.064016e-07
1.832000e+01 2.784068e+00 -1.191222e-03 3.696069e-02 -5.966175e-07
1.832000e+01 3.580407e+00 -1.120449e-03 3.148438e-02 -8.930670e-07
1.871000e+01 2.094395e-02 -2.336223e-06 1.256339e-04 -1.044791e-06
1.871000e+01 3.183814e-02 -7.385024e-06 4.181210e-04 -2.131873e-06
1.871000e+01 4.770840e-02 -1.093051e-05 6.334582e-04 -1.902758e-06
1.871000e+01 7.025257e-02 -2.011551e-05 1.191139e-03 -2.042420e-06
1.871000e+01 9.773653e-02 -3.948939e-05 2.176751e-03 -2.751356e-06
1.871000e+01 1.368335e-01 -5.594846e-05 3.200002e-03 -2.229040e-06
1.871000e+01 1.929536e-01 -8.700072e-05 4.743386e-03 -2.133422e-06
1.871000e+01 2.695639e-01 -1.206572e-04 6.524692e-03 -1.821461e-06
1.871000e+01 3.777252e-01 -1.653772e-04 8.569817e-03 -1.498607e-06
1.871000e+01 5.288205e-01 -2.189462e-04 1.133983e-02 -1.209814e-06
1.871000e+01 7.401737e-01 -3.010986e-04 1.498945e-02 -1.005339e-06
1.871000e+01 1.036455e+00 -4.099405e-04 2.014177e-02 -8.278535e-07
1.871000e+01 1.451071e+00 -5.592156e-04 2.674672e-02 -6.829221e-07
1.871000e+01 2.031429e+00 -7.762837e-04 3.316093e-02 -5.729139e-07
1.871000e+01 2.784068e+00 -9.673787e-04 3.624795e-02 -4.845067e-07
1.871000e+01 3.580407e+00 -9.055255e-04 3.100143e-02 -7.217595e-07
1.910000e+01 2.094395e-02 -2.229225e-09 1.207836e-04 -9.969396e-10
1.910000e+01 3.183814e-02 -9.513797e-09 4.020296e-04 -2.746397e-09
1.910000e+01 4.770840e-02 -1.171325e-08 6.090792e-04 -2.039015e-09
1.910000e+01 7.025257e-02 -1.676892e-08 1.145252e-03 -1.702626e-09
1.910000e+01 9.773653e-02 -2.452230e-08 2.093664e-03 -1.708549e-09
1.910000e+01 1.368335e-01 -2.227380e-08 3.076672e-03 -8.874095e-10
1.910000e+01 1.929536e-01 -1.403441e-08 4.560611e-03 -3.441501e-10
1.910000e+01 2.695639e-01 8.314897e-09 6.278697e-03 1.255231e-10
1.910000e+01 3.777252e-01 3.839025e-08 8.257328e-03 3.478828e-10
1.910000e+01 5.288205e-01 7.699279e-08 1.096415e-02 4.254330e-10
1.910000e+01 7.401737e-01 1.049847e-07 1.459182e-02 3.505338e-10
1.910000e+01 1.036455e+00 1.074878e-07 1.975870e-02 2.170659e-10
1.910000e+01 1.451071e+00 8.003176e-08 2.626156e-02 9.773593e-11
1.910000e+01 2.031429e+00 4.059050e-08 3.250407e-02 2.995665e-11
1.910000e+01 2.784068e+00 1.674184e-08 3.556497e-02 8.385068e-12
1.910000e+01 3.580407e+00 5.130867e-09 3.059097e-02 4.089617e-12
1.951000e+01 2.094395e-02 -1.243364e-09 1.160019e-04 -5.560495e-10
1.951000e+01 3.183814e-02 -5.882994e-09 3.861391e-04 -1.698274e-09
1.951000e+01 4.770840e-02 -6.887677e-09 5.848183e-04 -1.198991e-09
1.951000e+01 7.025257e-02 -9.311039e-09 1.099887e-03 -9.453928e-10
1.951000e+01 9.773653e-02 -1.251794e-08 2.011401e-03 -8.721664e-10
1.951000e+01 1.368335e-01 -8.224670e-09 2.954471e-03 -3.276787e-10
1.951000e+01 1.929536e-01 1.429175e-09 4.379615e-03 3.504607e-11
1.951000e+01 2.695639e-01 2.250816e-08 6.035422e-03 3.397870e-10
1.951000e+01 3.777252e-01 4.960148e-08 7.951781e-03 4.494762e-10
1.951000e+01 5.288205e-01 8.374825e-08 1.058903e-02 4.627611e-10
1.951000e+01 7.401737e-01 1.076648e-07 1.419952e-02 3.594822e-10
1.951000e+01 1.036455e+00 1.073085e-07 1.937132e-02 2.167039e-10
1.951000e+01 1.451071e+00 7.971884e-08 2.576577e-02 9.735379e-11
1.951000e+01 2.031429e+00 4.024407e-08 3.179860e-02 2.970098e-11
1.951000e+01 2.784068e+00 1.600724e-08 3.486954e-02 8.017146e-12
1.951000e+01 3.580407e+00 5.011897e-09 3.013459e-02 3.994790e-12
1.992000e+01 2.094395e-02 -4.938499e-10 1.114964e-04 -2.208564e-10
1.992000e+01 3.183814e-02 -3.112285e-09 3.712195e-04 -8.984392e-10
1.992000e+01 4.770840e-02 -3.271821e-09 5.620599e-04 -5.695509e-10
1.992000e+01 7.025257e-02 -3.477549e-09 1.057098e-03 -3.530916e-10
1.992000e+01 9.773653e-02 -3.341237e-09 1.933635e-03 -2.327950e-10
1.992000e+01 1.368335e-01 2.642061e-09 2.839036e-03 1.052622e-10
1.992000e+01 1.929536e-01 1.333094e-08 4.211043e-03 3.268998e-10
1.992000e+01 2.695639e-01 3.344481e-08 5.806287e-03 5.048885e-10
1.992000e+01 3.777252e-01 5.784523e-08 7.661227e-03 5.241789e-10
1.992000e+01 5.288205e-01 8.821356e-08 1.023572e-02 4.874347e-10
1.992000e+01 7.401737e-01 1.087099e-07 1.383509e-02 3.629719e-10
1.992000e+01 1.036455e+00 1.061066e-07 1.899840e-02 2.142767e-10
1.992000e+01 1.451071e+00 7.894248e-08 2.528023e-02 9.640569e-11
1.992000e+01 2.031429e+00 3.947777e-08 3.114229e-02 2.913543e-11
1.992000e+01 2.784068e+00 1.521376e-08 3.422461e-02 7.619733e-12
1.992000e+01 3.580407e+00 4.677173e-09 2.977405e-02 3.727995e-12
2.034000e+01 2.094395e-02 2.015311e-11 1.071364e-04 9.012746e-12
2.034000e+01 3.183814e-02 -1.047001e-09 3.567924e-04 -3.022431e-10
2.034000e+01 4.770840e-02 -5.243296e-10 5.398632e-04 -9.127407e-11
2.034000e+01 7.025257e-02 7.794995e-10 1.015816e-03 7.914618e-11
2.034000e+01 9.773653e-02 3.550513e-09 1.858566e-03 2.473759e-10
2.034000e+01 1.368335e-01 1.067282e-08 2.728177e-03 4.252154e-10
2.034000e+01 1.929536e-01 2.233736e-08 4.047731e-03 5.477542e-10
2.034000e+01 2.695639e-01 4.128652e-08 5.584652e-03 6.232682e-10
2.034000e+01 3.777252e-01 6.363193e-08 7.382071e-03 5.766165e-10
2.034000e+01 5.288205e-01 9.068189e-08 9.901225e-03 5.010737e-10
2.034000e+01 7.401737e-01 1.082999e-07 1.349124e-02 3.616030e-10
2.034000e+01 1.036455e+00 1.041185e-07 1.863794e-02 2.102618e-10
2.034000e+01 1.451071e+00 7.730436e-08 2.479423e-02 9.440518e-11
2.034000e+01 2.031429e+00 3.815114e-08 3.048415e-02 2.815635e-11
2.034000e+01 2.784068e+00 1.401336e-08 3.360734e-02 7.018521e-12
2.034000e+01 3.580407e+00 4.121443e-09 2.939305e-02 3.285044e-12
2.076000e+01 2.094395e-02 4.206910e-10 1.030513e-04 1.881387e-10
2.076000e+01 3.183814e-02 4.424793e-10 3.432071e-04 1.277328e-10
2.076000e+01 4.770840e-02 1.471317e-09 5.191206e-04 2.561235e-10
2.076000e+01 7.025257e-02 3.849608e-09 9.769959e-04 3.908685e-10
2.076000e+01 9.773653e-02 8.465516e-09 1.787806e-03 5.898204e-10
2.076000e+01 1.368335e-01 1.640967e-08 2.624337e-03 6.537769e-10
2.076000e+01 1.929536e-01 2.846577e-08 3.894356e-03 6.980344e-10
2.076000e+01 2.695639e-01 4.660429e-08 5.376959e-03 7.035462e-10
2.076000e+01 3.777252e-01 6.717540e-08 7.119422e-03 6.087266e-10
2.076000e+01 5.288205e-01 9.146825e-08 9.588456e-03 5.054189e-10
2.076000e+01 7.401737e-01 1.065559e-07 1.316647e-02 3.557798e-10
2.076000e+01 1.036455e+00 1.012970e-07 1.829250e-02 2.045641e-10
2.076000e+01 1.451071e+00 7.510559e-08 2.430312e-02 9.172001e-11
2.076000e+01 2.031429e+00 3.654685e-08 2.984905e-02 2.697235e-11
2.076000e+01 2.784068e+00 1.233386e-08 3.303558e-02 6.177352e-12
2.076000e+01 3.580407e+00 3.640281e-09 2.907649e-02 2.901528e-12
2.120000e+01 2.094395e-02 6.512760e-10 9.901000e-05 2.912595e-10
2.120000e+01 3.183814e-02 1.490181e-09 3.298029e-04 4.301782e-10
2.120000e+01 4.770840e-02 2.779474e-09 4.985484e-04 4.838444e-10
2.120000e+01 7.025257e-02 6.026301e-09 9.388094e-04 6.118782e-10
2.120000e+01 9.773653e-02 1.200521e-08 1.718040e-03 8.364427e-10
2.120000e+01 1.368335e-01 2.032231e-08 2.521949e-03 8.096604e-10
2.120000e+01 1.929536e-01 3.272736e-08 3.743224e-03 8.025366e-10
2.120000e+01 2.695639e-01 5.008380e-08 5.170918e-03 7.560734e-10
2.120000e+01 3.777252e-01 6.894126e-08 6.864137e-03 6.247284e-10
2.120000e+01 5.288205e-01 9.089703e-08 9.287261e-03 5.022625e-10
2.120000e+01 7.401737e-01 1.038996e-07 1.285082e-02 3.469108e-10
2.120000e+01 1.036455e+00 9.784495e-08 1.794860e-02 1.975928e-10
2.120000e+01 1.451071e+00 7.263407e-08 2.381717e-02 8.870176e-11
2.120000e+01 2.031429e+00 3.449657e-08 2.922760e-02 2.545920e-11
2.120000e+01 2.784068e+00 1.025409e-08 3.245208e-02 5.135710e-12
2.120000e+01 3.580407e+00 2.735752e-09 2.880096e-02 2.180563e-12
2.164000e+01 2.094395e-02 8.135079e-10 9.520227e-05 3.638118e-10
2.164000e+01 3.183814e-02 2.196365e-09 3.171768e-04 6.340361e-10
2.164000e+01 4.770840e-02 3.680151e-09 4.792831e-04 6.406321e-10
2.164000e+01 7.025257e-02 7.422453e-09 9.028925e-04 7.536359e-10
2.164000e+01 9.773653e-02 1.422554e-08 1.652400e-03 9.911407e-10
2.164000e+01 1.368335e-01 2.279280e-08 2.425830e-03 9.080868e-10
2.164000e+01 1.929536e-01 3.529890e-08 3.600878e-03 8.655957e-10
2.164000e+01 2.695639e-01 5.175829e-08 4.980293e-03 7.813519e-10
2.164000e+01 3.777252e-01 6.928574e-08 6.626033e-03 6.278500e-10
2.164000e+01 5.288205e-01 8.921947e-08 9.007472e-03 4.929930e-10
2.164000e+01 7.401737e-01 1.003525e-07 1.255653e-02 3.350672e-10
2.164000e+01 1.036455e+00 9.395268e-08 1.760770e-02 1.897326e-10
2.164000e+01 1.451071e+00 7.007978e-08 2.334430e-02 8.558242e-11
2.164000e+01 2.031429e+00 3.262742e-08 2.861947e-02 2.407973e-11
2.164000e+01 2.784068e+00 7.332215e-09 3.189844e-02 3.672303e-12
2.164000e+01 3.580407e+00 1.320265e-09 2.854706e-02 1.052332e-12
2.209000e+01 2.094395e-02 9.075569e-10 9.153747e-05 4.058718e-10
2.209000e+01 3.183814e-02 2.635241e-09 3.050175e-04 7.607285e-10
2.209000e+01 4.770840e-02 4.285187e-09 4.607432e-04 7.459552e-10
2.209000e+01 7.025257e-02 8.237427e-09 8.682553e-04 8.363839e-10
2.209000e+01 9.773653e-02 1.545965e-08 1.588885e-03 1.077125e-09
2.209000e+01 1.368335e-01 2.411757e-08 2.332773e-03 9.608670e-10
2.209000e+01 1.929536e-01 3.646565e-08 3.463684e-03 8.942065e-10
2.209000e+01 2.695639e-01 5.213942e-08 4.795176e-03 7.871054e-10
2.209000e+01 3.777252e-01 6.853679e-08 6.396490e-03 6.210632e-10
2.209000e+01 5.288205e-01 8.667920e-08 8.741569e-03 4.789564e-10
2.209000e+01 7.401737e-01 9.634570e-08 1.228233e-02 3.216889e-10
2.209000e+01 1.036455e+00 8.956966e-08 1.727858e-02 1.808813e-10
2.209000e+01 1.451071e+00 6.718807e-08 2.286684e-02 8.205102e-11
2.209000e+01 2.031429e+00 3.059313e-08 2.802749e-02 2.257838e-11
2.209000e+01 2.784068e+00 4.194668e-09 3.134854e-02 2.100878e-12
2.209000e+01 3.580407e+00 -3.117599e-10 2.827311e-02 -2.484918e-13
2.256000e+01 2.094395e-02 9.488949e-10 8.794477e-05 4.243587e-10
2.256000e+01 3.183814e-02 2.886058e-09 2.930574e-04 8.331331e-10
2.256000e+01 4.770840e-02 4.555474e-09 4.424756e-04 7.930062e-10
2.256000e+01 7.025257e-02 8.695499e-09 8.339539e-04 8.828941e-10
2.256000e+01 9.773653e-02 1.618874e-08 1.526363e-03 1.127923e-09
2.256000e+01 1.368335e-01 2.455665e-08 2.242399e-03 9.783605e-10
2.256000e+01 1.929536e-01 3.680838e-08 3.328211e-03 9.026110e-10
2.256000e+01 2.695639e-01 5.158738e-08 4.614007e-03 7.787716e-10
2.256000e+01 3.777252e-01 6.682209e-08 6.174573e-03 6.055250e-10
2.256000e+01 5.288205e-01 8.342301e-08 8.483460e-03 4.609639e-10
2.256000e+01 7.401737e-01 9.185838e-08 1.201616e-02 3.067062e-10
2.256000e+01 1.036455e+00 8.491919e-08 1.694918e-02 1.714899e-10
2.256000e+01 1.451071e+00 6.383748e-08 2.239198e-02 7.795924e-11
2.256000e+01 2.031429e+00 2.844197e-08 2.742712e-02 2.099078e-11
2.256000e+01 2.784068e+00 1.157434e-09 3.082476e-02 5.796949e-13
2.256000e+01 3.580407e+00 -1.891552e-09 2.806319e-02 -1.507683e-12
2.303000e+01 2.094395e-02 9.615727e-10 8.456136e-05 4.300284e-10
2.303000e+01 3.183814e-02 2.989336e-09 2.817776e-04 8.629470e-10
2.303000e+01 4.770840e-02 4.662327e-09 4.253151e-04 8.116069e-10
2.303000e+01 7.025257e-02 8.817616e-09 8.022081e-04 8.952933e-10
2.303000e+01 9.773653e-02 1.624066e-08 1.467248e-03 1.131541e-09
2.303000e+01 1.368335e-01 2.441900e-08 2.156519e-03 9.728763e-10
2.303000e+01 1.929536e-01 3.626028e-08 3.200302e-03 8.891705e-10
2.303000e+01 2.695639e-01 5.024599e-08 4.444510e-03 7.585218e-10
2.303000e+01 3.777252e-01 6.450808e-08 5.965042e-03 5.845560e-10
2.303000e+01 5.288205e-01 7.972477e-08 8.246251e-03 4.405289e-10
2.303000e+01 7.401737e-01 8.708836e-08 1.175716e-02 2.907796e-10
2.303000e+01 1.036455e+00 8.008223e-08 1.661763e-02 1.617219e-10
2.303000e+01 1.451071e+00 6.018233e-08 2.192837e-02 7.349552e-11
2.303000e+01 2.031429e+00 2.679248e-08 2.688137e-02 1.977342e-11
2.303000e+01 2.784068e+00 3.701282e-11 3.030369e-02 1.853769e-14
2.303000e+01 3.580407e+00 -2.575513e-09 2.777468e-02 -2.052842e-12
2.351000e+01 2.094395e-02 9.312711e-10 8.129958e-05 4.164771e-10
2.351000e+01 3.183814e-02 3.001894e-09 2.709580e-04 8.665720e-10
2.351000e+01 4.770840e-02 4.638940e-09 4.087066e-04 8.075358e-10
2.351000e+01 7.025257e-02 8.688449e-09 7.714479e-04 8.821784e-10
2.351000e+01 9.773653e-02 1.592748e-08 1.410595e-03 1.109720e-09
2.351000e+01 1.368335e-01 2.393734e-08 2.074292e-03 9.536863e-10
2.351000e+01 1.929536e-01 3.513582e-08 3.078081e-03 8.615965e-10
2.351000e+01 2.695639e-01 4.830652e-08 4.282202e-03 7.292433e-10
2.351000e+01 3.777252e-01 6.169653e-08 5.764077e-03 5.590785e-10
2.351000e+01 5.288205e-01 7.571631e-08 8.019006e-03 4.183796e-10
2.351000e+01 7.401737e-01 8.212755e-08 1.150857e-02 2.742159e-10
2.351000e+01 1.036455e+00 7.498510e-08 1.628365e-02 1.514285e-10
2.351000e+01 1.451071e+00 5.620166e-08 2.147277e-02 6.863427e-11
2.351000e+01 2.031429e+00 2.624021e-08 2.634575e-02 1.936583e-11
2.351000e+01 2.784068e+00 1.571689e-09 2.983076e-02 7.871727e-13
2.351000e+01 3.580407e+00 -1.910624e-09 2.756189e-02 -1.522885e-12
2.400000e+01 2.094395e-02 9.049963e-10 7.816788e-05 4.047267e-10
2.400000e+01 3.183814e-02 2.938339e-09 2.605313e-04 8.482255e-10
2.400000e+01 4.770840e-02 4.510155e-09 3.927250e-04 7.851173e-10
2.400000e+01 7.025257e-02 8.461494e-09 7.415413e-04 8.591345e-10
2.400000e+01 9.773653e-02 1.552001e-08 1.355215e-03 1.081330e-09
2.400000e+01 1.368335e-01 2.292472e-08 1.994139e-03 9.133427e-10
2.400000e+01 1.929536e-01 3.384603e-08 2.960104e-03 8.299685e-10
2.400000e+01 2.695639e-01 4.616899e-08 4.126145e-03 6.969748e-10
2.400000e+01 3.777252e-01 5.857149e-08 5.573104e-03 5.307601e-10
2.400000e+01 5.288205e-01 7.142776e-08 7.799828e-03 3.946827e-10
2.400000e+01 7.401737e-01 7.712429e-08 1.127784e-02 2.575105e-10
2.400000e+01 1.036455e+00 6.990191e-08 1.596477e-02 1.411633e-10
2.400000e+01 1.451071e+00 5.198162e-08 2.101586e-02 6.348070e-11
2.400000e+01 2.031429e+00 2.535921e-08 2.582398e-02 1.871564e-11
2.400000e+01 2.784068e+00 3.279884e-09 2.937136e-02 1.642713e-12
2.400000e+01 3.580407e+00 -1.295044e-09 2.738367e-02 -1.032230e-12
2.450000e+01 2.094395e-02 8.639028e-10 7.515169e-05 3.863491e-10
2.450000e+01 3.183814e-02 2.826417e-09 2.504663e-04 8.159162e-10
2.450000e+01 4.770840e-02 4.273050e-09 3.773883e-04 7.438425e-10
2.450000e+01 7.025257e-02 8.105286e-09 7.129405e-04 8.229671e-10
2.450000e+01 9.773653e-02 1.483384e-08 1.301905e-03 1.033522e-09
2.450000e+01 1.368335e-01 2.190450e-08 1.917657e-03 8.726962e-10
2.450000e+01 1.929536e-01 3.216012e-08 2.845769e-03 7.886269e-10
2.450000e+01 2.695639e-01 4.370007e-08 3.975505e-03 6.597035e-10
2.450000e+01 3.777252e-01 5.523450e-08 5.391405e-03 5.005211e-10
2.450000e+01 5.288205e-01 6.702410e-08 7.590872e-03 3.703498e-10
2.450000e+01 7.401737e-01 7.211901e-08 1.105146e-02 2.407984e-10
2.450000e+01 1.036455e+00 6.487100e-08 1.564191e-02 1.310036e-10
2.450000e+01 1.451071e+00 4.782085e-08 2.056669e-02 5.839951e-11
2.450000e+01 2.031429e+00 2.433421e-08 2.531111e-02 1.795916e-11
2.450000e+01 2.784068e+00 5.030783e-09 2.893567e-02 2.519642e-12
2.450000e+01 3.580407e+00 -7.991954e-10 2.719924e-02 -6.370079e-13
2.501000e+01 2.094395e-02 8.153585e-10 7.221896e-05 3.646394e-10
2.501000e+01 3.183814e-02 2.683143e-09 2.407226e-04 7.745566e-10
2.501000e+01 4.770840e-02 4.084028e-09 3.627295e-04 7.109379e-10
2.501000e+01 7.025257e-02 7.659600e-09 6.852515e-04 7.777145e-10
2.501000e+01 9.773653e-02 1.393824e-08 1.250563e-03 9.711233e-10
2.501000e+01 1.368335e-01 2.067188e-08 1.843535e-03 8.235875e-10
2.501000e+01 1.929536e-01 3.020090e-08 2.736326e-03 7.405831e-10
2.501000e+01 2.695639e-01 4.099777e-08 3.832432e-03 6.189091e-10
2.501000e+01 3.777252e-01 5.174269e-08 5.214177e-03 4.688793e-10
2.501000e+01 5.288205e-01 6.262267e-08 7.393480e-03 3.460291e-10
2.501000e+01 7.401737e-01 6.710348e-08 1.082945e-02 2.240520e-10
2.501000e+01 1.036455e+00 5.993091e-08 1.532527e-02 1.210274e-10
2.501000e+01 1.451071e+00 4.364866e-08 2.011659e-02 5.330436e-11
2.501000e+01 2.031429e+00 2.336741e-08 2.478668e-02 1.724565e-11
2.501000e+01 2.784068e+00 6.584073e-09 2.850463e-02 3.297599e-12
2.501000e+01 3.580407e+00 -3.887567e-10 2.705307e-02 -3.098630e-13
2.553000e+01 2.094395e-02 7.589072e-10 6.943264e-05 3.393936e-10
2.553000e+01 3.183814e-02 2.524213e-09 2.314169e-04 7.286775e-10
2.553000e+01 4.770840e-02 3.832326e-09 3.485686e-04 6.671223e-10
2.553000e+01 7.025257e-02 7.173188e-09 6.587527e-04 7.283268e-10
2.553000e+01 9.773653e-02 1.309230e-08 1.201472e-03 9.121837e-10
2.553000e+01 1.368335e-01 1.934266e-08 1.772848e-03 7.706300e-10
2.553000e+01 1.929536e-01 2.825256e-08 2.632221e-03 6.928060e-10
2.553000e+01 2.695639e-01 3.821625e-08 3.693536e-03 5.769188e-10
2.553000e+01 3.777252e-01 4.818869e-08 5.045451e-03 4.366738e-10
2.553000e+01 5.288205e-01 5.820108e-08 7.205573e-03 3.215971e-10
2.553000e+01 7.401737e-01 6.217501e-08 1.061341e-02 2.075963e-10
2.553000e+01 1.036455e+00 5.506301e-08 1.500252e-02 1.111969e-10
2.553000e+01 1.451071e+00 3.963853e-08 1.967964e-02 4.840713e-11
2.553000e+01 2.031429e+00 2.237948e-08 2.430089e-02 1.651653e-11
2.553000e+01 2.784068e+00 7.925946e-09 2.808469e-02 3.969670e-12
2.553000e+01 3.580407e+00 -5.098168e-11 2.693401e-02 -4.063554e-14
2.606000e+01 2.094395e-02 7.016687e-10 6.672479e-05 3.137958e-10
2.606000e+01 3.183814e-02 2.354702e-09 2.224819e-04 6.797440e-10
2.606000e+01 4.770840e-02 3.546286e-09 3.350135e-04 6.173292e-10
2.606000e+01 7.025257e-02 6.718853e-09 6.331909e-04 6.821961e-10
2.606000e+01 9.773653e-02 1.230801e-08 1.154459e-03 8.575398e-10
2.606000e+01 1.368335e-01 1.795568e-08 1.704560e-03 7.153714e-10
2.606000e+01 1.929536e-01 2.632635e-08 2.532371e-03 6.455717e-10
2.606000e+01 2.695639e-01 3.554059e-08 3.561382e-03 5.365267e-10
2.606000e+01 3.777252e-01 4.463890e-08 4.885496e-03 4.045065e-10
2.606000e+01 5.288205e-01 5.377128e-08 7.029008e-03 2.971197e-10
2.606000e+01 7.401737e-01 5.738855e-08 1.040822e-02 1.916148e-10
2.606000e+01 1.036455e+00 5.041435e-08 1.469058e-02 1.018092e-10
2.606000e+01 1.451071e+00 3.592147e-08 1.924375e-02 4.386781e-11
2.606000e+01 2.031429e+00 2.133991e-08 2.383594e-02 1.574931e-11
2.606000e+01 2.784068e+00 9.030111e-09 2.767627e-02 4.522685e-12
2.606000e+01 3.580407e+00 4.817132e-10 2.676741e-02 3.839551e-13
2.660000e+01 2.094395e-02 6.573502e-10 6.412166e-05 2.939759e-10
2.660000e+01 3.183814e-02 2.177752e-09 2.138493e-04 6.286629e-10
2.660000e+01 4.770840e-02 3.295594e-09 3.219929e-04 5.736892e-10
2.660000e+01 7.025257e-02 6.194276e-09 6.085633e-04 6.289334e-10
2.660000e+01 9.773653e-02 1.130396e-08 1.108763e-03 7.875842e-10
2.660000e+01 1.368335e-01 1.653181e-08 1.638764e-03 6.586430e-10
2.660000e+01 1.929536e-01 2.422749e-08 2.437260e-03 5.941037e-10
2.660000e+01 2.695639e-01 3.274348e-08 3.435518e-03 4.943010e-10
2.660000e+01 3.777252e-01 4.111030e-08 4.734242e-03 3.725312e-10
2.660000e+01 5.288205e-01 4.949054e-08 6.859890e-03 2.734660e-10
2.660000e+01 7.401737e-01 5.265381e-08 1.019430e-02 1.758060e-10
2.660000e+01 1.036455e+00 4.598763e-08 1.437832e-02 9.286964e-11
2.660000e+01 1.451071e+00 3.244165e-08 1.881822e-02 3.961820e-11
2.660000e+01 2.031429e+00 2.023475e-08 2.335473e-02 1.493368e-11
2.660000e+01 2.784068e+00 9.889085e-09 2.727364e-02 4.952898e-12
2.660000e+01 3.580407e+00 9.320742e-10 2.667710e-02 7.429205e-13
2.715000e+01 2.094395e-02 6.002898e-10 6.162946e-05 2.684578e-10
2.715000e+01 3.183814e-02 1.995566e-09 2.056005e-04 5.760704e-10
2.715000e+01 4.770840e-02 3.026344e-09 3.094842e-04 5.268189e-10
2.715000e+01 7.025257e-02 5.629424e-09 5.847050e-04 5.715814e-10
2.715000e+01 9.773653e-02 1.023946e-08 1.065006e-03 7.134168e-10
2.715000e+01 1.368335e-01 1.519656e-08 1.576124e-03 6.054456e-10
2.715000e+01 1.929536e-01 2.217245e-08 2.345032e-03 5.437104e-10
2.715000e+01 2.695639e-01 2.990700e-08 3.315452e-03 4.514810e-10
2.715000e+01 3.777252e-01 3.762543e-08 4.593318e-03 3.409522e-10
2.715000e+01 5.288205e-01 4.521005e-08 6.694898e-03 2.498136e-10
2.715000e+01 7.401737e-01 4.800577e-08 9.988537e-03 1.602866e-10
2.715000e+01 1.036455e+00 4.185724e-08 1.407045e-02 8.452851e-11
2.715000e+01 1.451071e+00 2.948465e-08 1.839921e-02 3.600708e-11
2.715000e+01 2.031429e+00 1.932951e-08 2.290319e-02 1.426559e-11
2.715000e+01 2.784068e+00 9.928931e-09 2.688374e-02 4.972855e-12
2.715000e+01 3.580407e+00 1.041619e-09 2.653401e-02 8.302346e-13
2.771000e+01 2.094395e-02 5.503124e-10 5.922540e-05 2.461072e-10
2.771000e+01 3.183814e-02 1.821487e-09 1.976604e-04 5.258179e-10
2.771000e+01 4.770840e-02 2.747714e-09 2.974419e-04 4.783156e-10
2.771000e+01 7.025257e-02 5.207014e-09 5.619043e-04 5.286922e-10
2.771000e+01 9.773653e-02 9.481776e-09 1.023354e-03 6.606267e-10
2.771000e+01 1.368335e-01 1.377488e-08 1.516137e-03 5.488043e-10
2.771000e+01 1.929536e-01 2.022666e-08 2.256725e-03 4.959959e-10
2.771000e+01 2.695639e-01 2.728242e-08 3.200206e-03 4.118599e-10
2.771000e+01 3.777252e-01 3.419561e-08 4.457726e-03 3.098720e-10
2.771000e+01 5.288205e-01 4.108895e-08 6.541264e-03 2.270420e-10
2.771000e+01 7.401737e-01 4.357217e-08 9.776446e-03 1.454832e-10
2.771000e+01 1.036455e+00 3.787299e-08 1.376792e-02 7.648255e-11
2.771000e+01 1.451071e+00 2.693846e-08 1.798561e-02 3.289763e-11
2.771000e+01 2.031429e+00 1.851806e-08 2.245097e-02 1.366673e-11
2.771000e+01 2.784068e+00 9.583788e-09 2.649716e-02 4.799992e-12
2.771000e+01 3.580407e+00 1.106206e-09 2.643522e-02 8.817142e-13
2.829000e+01 2.094395e-02 4.822633e-10 5.687753e-05 2.156747e-10
2.829000e+01 3.183814e-02 1.635818e-09 1.899428e-04 4.722199e-10
2.829000e+01 4.770840e-02 2.467949e-09 2.857127e-04 4.296147e-10
2.829000e+01 7.025257e-02 4.610922e-09 5.395141e-04 4.681682e-10
2.829000e+01 9.773653e-02 8.491241e-09 9.824767e-04 5.916128e-10
2.829000e+01 1.368335e-01 1.245088e-08 1.457849e-03 4.960547e-10
2.829000e+01 1.929536e-01 1.819964e-08 2.171193e-03 4.462894e-10
2.829000e+01 2.695639e-01 2.448734e-08 3.089754e-03 3.696650e-10
2.829000e+01 3.777252e-01 3.080784e-08 4.325920e-03 2.791729e-10
2.829000e+01 5.288205e-01 3.699293e-08 6.393586e-03 2.044089e-10
2.829000e+01 7.401737e-01 3.915071e-08 9.566596e-03 1.307204e-10
2.829000e+01 1.036455e+00 3.407091e-08 1.346547e-02 6.880444e-11
2.829000e+01 1.451071e+00 2.448110e-08 1.758913e-02 2.989666e-11
2.829000e+01 2.031429e+00 1.758531e-08 2.201392e-02 1.297833e-11
2.829000e+01 2.784068e+00 9.329268e-09 2.610738e-02 4.672517e-12
2.829000e+01 3.580407e+00 1.254766e-09 2.631286e-02 1.000125e-12
2.887000e+01 2.094395e-02 4.354714e-10 5.466843e-05 1.947487e-10
2.887000e+01 3.183814e-02 1.468505e-09 1.826916e-04 4.239208e-10
2.887000e+01 4.770840e-02 2.204596e-09 2.745877e-04 3.837710e-10
2.887000e+01 7.025257e-02 4.075625e-09 5.184520e-04 4.138170e-10
2.887000e+01 9.773653e-02 7.481853e-09 9.438364e-04 5.212854e-10
2.887000e+01 1.368335e-01 1.109436e-08 1.402757e-03 4.420098e-10
2.887000e+01 1.929536e-01 1.620029e-08 2.090776e-03 3.972617e-10
2.887000e+01 2.695639e-01 2.186839e-08 2.986220e-03 3.301288e-10
2.887000e+01 3.777252e-01 2.750689e-08 4.204528e-03 2.492606e-10
2.887000e+01 5.288205e-01 3.300650e-08 6.251384e-03 1.823814e-10
2.887000e+01 7.401737e-01 3.492058e-08 9.368646e-03 1.165964e-10
2.887000e+01 1.036455e+00 3.036141e-08 1.317156e-02 6.131330e-11
2.887000e+01 1.451071e+00 2.204410e-08 1.718988e-02 2.692057e-11
2.887000e+01 2.031429e+00 1.639478e-08 2.157429e-02 1.209970e-11
2.887000e+01 2.784068e+00 9.139964e-09 2.574778e-02 4.577705e-12
2.887000e+01 3.580407e+00 1.648995e-09 2.616360e-02 1.314350e-12
2.947000e+01 2.094395e-02 3.983268e-10 5.251547e-05 1.781371e-10
2.947000e+01 3.183814e-02 1.297516e-09 1.755869e-04 3.745605e-10
2.947000e+01 4.770840e-02 1.952305e-09 2.637782e-04 3.398527e-10
2.947000e+01 7.025257e-02 3.645079e-09 4.979463e-04 3.701016e-10
2.947000e+01 9.773653e-02 6.611841e-09 9.061839e-04 4.606688e-10
2.947000e+01 1.368335e-01 9.857015e-09 1.349177e-03 3.927129e-10
2.947000e+01 1.929536e-01 1.433982e-08 2.011928e-03 3.516395e-10
2.947000e+01 2.695639e-01 1.935301e-08 2.885801e-03 2.921563e-10
2.947000e+01 3.777252e-01 2.426942e-08 4.086322e-03 2.199234e-10
2.947000e+01 5.288205e-01 2.912461e-08 6.111276e-03 1.609316e-10
2.947000e+01 7.401737e-01 3.079579e-08 9.162397e-03 1.028242e-10
2.947000e+01 1.036455e+00 2.679832e-08 1.287147e-02 5.411782e-11
2.947000e+01 1.451071e+00 1.958276e-08 1.678879e-02 2.391474e-11
2.947000e+01 2.031429e+00 1.509460e-08 2.113076e-02 1.114014e-11
2.947000e+01 2.784068e+00 9.030186e-09 2.536873e-02 4.522723e-12
2.947000e+01 3.580407e+00 1.988032e-09 2.603689e-02 1.584584e-12
3.008000e+01 2.094395e-02 3.330857e-10 5.046067e-05 1.489604e-10
3.008000e+01 3.183814e-02 1.126636e-09 1.687913e-04 3.252317e-10
3.008000e+01 4.770840e-02 1.693614e-09 2.534377e-04 2.948204e-10
3.008000e+01 7.025257e-02 3.134576e-09 4.782491e-04 3.182679e-10
3.008000e+01 9.773653e-02 5.764842e-09 8.701741e-04 4.016556e-10
3.008000e+01 1.368335e-01 8.521227e-09 1.298424e-03 3.394938e-10
3.008000e+01 1.929536e-01 1.245330e-08 1.936799e-03 3.053783e-10
3.008000e+01 2.695639e-01 1.680022e-08 2.789883e-03 2.536189e-10
3.008000e+01 3.777252e-01 2.110315e-08 3.974331e-03 1.912315e-10
3.008000e+01 5.288205e-01 2.532213e-08 5.976446e-03 1.399205e-10
3.008000e+01 7.401737e-01 2.679301e-08 8.958826e-03 8.945925e-11
3.008000e+01 1.036455e+00 2.333828e-08 1.257073e-02 4.713044e-11
3.008000e+01 1.451071e+00 1.714606e-08 1.639809e-02 2.093901e-11
3.008000e+01 2.031429e+00 1.364943e-08 2.071556e-02 1.007357e-11
3.008000e+01 2.784068e+00 8.874497e-09 2.498792e-02 4.444747e-12
3.008000e+01 3.580407e+00 2.274391e-09 2.596049e-02 1.812830e-12
3.070000e+01 2.094395e-02 2.692675e-10 4.850401e-05 1.204201e-10
3.070000e+01 3.183814e-02 9.619661e-10 1.622642e-04 2.776957e-10
3.070000e+01 4.770840e-02 1.430184e-09 2.434974e-04 2.489630e-10
3.070000e+01 7.025257e-02 2.632197e-09 4.594009e-04 2.672591e-10
3.070000e+01 9.773653e-02 4.904425e-09 8.354980e-04 3.417075e-10
3.070000e+01 1.368335e-01 7.233442e-09 1.250260e-03 2.881872e-10
3.070000e+01 1.929536e-01 1.062370e-08 1.866035e-03 2.605132e-10
3.070000e+01 2.695639e-01 1.435307e-08 2.699204e-03 2.166763e-10
3.070000e+01 3.777252e-01 1.801892e-08 3.869398e-03 1.632829e-10
3.070000e+01 5.288205e-01 2.162685e-08 5.847009e-03 1.195018e-10
3.070000e+01 7.401737e-01 2.287153e-08 8.753126e-03 7.636580e-11
3.070000e+01 1.036455e+00 1.996209e-08 1.226792e-02 4.031241e-11
3.070000e+01 1.451071e+00 1.468529e-08 1.602292e-02 1.793388e-11
3.070000e+01 2.031429e+00 1.194405e-08 2.030064e-02 8.814962e-12
3.070000e+01 2.784068e+00 8.324941e-09 2.463908e-02 4.169504e-12
3.070000e+01 3.580407e+00 2.351023e-09 2.586170e-02 1.873910e-12
3.134000e+01 2.094395e-02 2.421826e-10 4.660440e-05 1.083074e-10
3.134000e+01 3.183814e-02 8.033976e-10 1.559191e-04 2.319209e-10
3.134000e+01 4.770840e-02 1.212582e-09 2.338585e-04 2.110834e-10
3.134000e+01 7.025257e-02 2.274226e-09 4.409861e-04 2.309126e-10
3.134000e+01 9.773653e-02 4.206861e-09 8.019810e-04 2.931059e-10
3.134000e+01 1.368335e-01 6.141069e-09 1.203238e-03 2.446660e-10
3.134000e+01 1.929536e-01 8.986181e-09 1.799118e-03 2.203581e-10
3.134000e+01 2.695639e-01 1.203300e-08 2.612218e-03 1.816523e-10
3.134000e+01 3.777252e-01 1.506102e-08 3.765861e-03 1.364792e-10
3.134000e+01 5.288205e-01 1.809200e-08 5.712603e-03 9.996953e-11
3.134000e+01 7.401737e-01 1.907265e-08 8.548552e-03 6.368172e-11
3.134000e+01 1.036455e+00 1.656958e-08 1.198253e-02 3.346140e-11
3.134000e+01 1.451071e+00 1.205039e-08 1.566048e-02 1.471610e-11
3.134000e+01 2.031429e+00 9.340892e-09 1.989551e-02 6.893777e-12
3.134000e+01 2.784068e+00 6.066807e-09 2.428322e-02 3.038530e-12
3.134000e+01 3.580407e+00 1.487138e-09 2.572773e-02 1.185341e-12
3.198000e+01 2.094395e-02 1.964494e-10 4.481454e-05 8.785483e-11
3.198000e+01 3.183814e-02 6.490431e-10 1.499150e-04 1.873626e-10
3.198000e+01 4.770840e-02 9.705811e-10 2.247487e-04 1.689565e-10
3.198000e+01 7.025257e-02 1.820878e-09 4.235746e-04 1.848822e-10
3.198000e+01 9.773653e-02 3.314738e-09 7.699567e-04 2.309488e-10
3.198000e+01 1.368335e-01 4.896767e-09 1.158871e-03 1.950919e-10
3.198000e+01 1.929536e-01 7.142605e-09 1.736147e-03 1.751501e-10
3.198000e+01 2.695639e-01 9.632878e-09 2.530451e-03 1.454195e-10
3.198000e+01 3.777252e-01 1.210121e-08 3.668877e-03 1.096582e-10
3.198000e+01 5.288205e-01 1.451502e-08 5.584873e-03 8.020451e-11
3.198000e+01 7.401737e-01 1.533219e-08 8.351767e-03 5.119270e-11
3.198000e+01 1.036455e+00 1.323661e-08 1.168996e-02 2.673065e-11
3.198000e+01 1.451071e+00 9.448863e-09 1.531038e-02 1.153909e-11
3.198000e+01 2.031429e+00 6.950329e-09 1.950463e-02 5.129491e-12
3.198000e+01 2.784068e+00 4.225331e-09 2.395563e-02 2.116235e-12
3.198000e+01 3.580407e+00 8.552942e-10 2.565837e-02 6.817221e-13
3.264000e+01 2.094395e-02 1.495440e-10 4.308921e-05 6.687812e-11
3.264000e+01 3.183814e-02 4.980251e-10 1.440783e-04 1.437675e-10
3.264000e+01 4.770840e-02 7.636634e-10 2.158468e-04 1.329367e-10
3.264000e+01 7.025257e-02 1.380767e-09 4.065632e-04 1.401957e-10
3.264000e+01 9.773653e-02 2.561299e-09 7.393497e-04 1.784541e-10
3.264000e+01 1.368335e-01 3.813656e-09 1.116201e-03 1.519397e-10
3.264000e+01 1.929536e-01 5.528529e-09 1.675017e-03 1.355700e-10
3.264000e+01 2.695639e-01 7.469086e-09 2.451511e-03 1.127546e-10
3.264000e+01 3.777252e-01 9.327922e-09 3.574712e-03 8.452728e-11
3.264000e+01 5.288205e-01 1.113415e-08 5.458039e-03 6.152310e-11
3.264000e+01 7.401737e-01 1.171791e-08 8.154607e-03 3.912496e-11
3.264000e+01 1.036455e+00 1.008900e-08 1.140750e-02 2.037422e-11
3.264000e+01 1.451071e+00 7.007967e-09 1.496352e-02 8.558229e-12
3.264000e+01 2.031429e+00 4.788945e-09 1.912182e-02 3.534343e-12
3.264000e+01 2.784068e+00 2.759635e-09 2.361093e-02 1.382149e-12
3.264000e+01 3.580407e+00 3.921941e-10 2.557809e-02 3.126029e-13
3.332000e+01 2.094395e-02 8.482236e-11 4.140694e-05 3.793371e-11
3.332000e+01 3.183814e-02 3.345076e-10 1.383860e-04 9.656402e-11
3.332000e+01 4.770840e-02 4.839679e-10 2.071364e-04 8.424800e-11
3.332000e+01 7.025257e-02 9.119583e-10 3.900971e-04 9.259534e-11
3.332000e+01 9.773653e-02 1.690309e-09 7.095238e-04 1.177694e-10
3.332000e+01 1.368335e-01 2.532855e-09 1.074851e-03 1.009114e-10
3.332000e+01 1.929536e-01 3.723770e-09 1.616523e-03 9.131385e-11
3.332000e+01 2.695639e-01 5.058319e-09 2.376535e-03 7.636123e-11
3.332000e+01 3.777252e-01 6.377394e-09 3.482857e-03 5.779034e-11
3.332000e+01 5.288205e-01 7.655390e-09 5.336034e-03 4.230078e-11
3.332000e+01 7.401737e-01 8.083840e-09 7.955649e-03 2.699116e-11
3.332000e+01 1.036455e+00 6.928637e-09 1.112584e-02 1.399202e-11
3.332000e+01 1.451071e+00 4.678919e-09 1.463260e-02 5.713963e-12
3.332000e+01 2.031429e+00 2.950170e-09 1.874754e-02 2.177288e-12
3.332000e+01 2.784068e+00 1.606557e-09 2.327961e-02 8.046361e-13
3.332000e+01 3.580407e+00 1.904280e-10 2.551248e-02 1.517829e-13
3.400000e+01 2.094395e-02 2.024568e-11 3.983795e-05 9.054143e-12
3.400000e+01 3.183814e-02 1.550676e-10 1.330023e-04 4.476415e-11
3.400000e+01 4.770840e-02 2.435423e-10 1.989774e-04 4.239527e-11
3.400000e+01 7.025257e-02 4.849285e-10 3.745660e-04 4.923703e-11
3.400000e+01 9.773653e-02 9.248796e-10 6.815893e-04 6.443941e-11
3.400000e+01 1.368335e-01 1.389829e-09 1.035965e-03 5.537210e-11
3.400000e+01 1.929536e-01 2.090853e-09 1.562095e-03 5.127166e-11
3.400000e+01 2.695639e-01 2.849997e-09 2.306180e-03 4.302404e-11
3.400000e+01 3.777252e-01 3.623785e-09 3.396569e-03 3.283783e-11
3.400000e+01 5.288205e-01 4.373637e-09 5.217033e-03 2.416706e-11
3.400000e+01 7.401737e-01 4.621377e-09 7.756208e-03 1.543033e-11
3.400000e+01 1.036455e+00 3.934591e-09 1.085614e-02 7.945702e-12
3.400000e+01 1.451071e+00 2.573596e-09 1.431368e-02 3.142912e-12
3.400000e+01 2.031429e+00 1.454400e-09 1.837878e-02 1.073378e-12
3.400000e+01 2.784068e+00 7.244647e-10 2.295087e-02 3.628445e-13
3.400000e+01 3.580407e+00 8.015491e-11 2.538564e-02 6.388840e-14
3.470000e+01 2.094395e-02 5.831032e-13 3.831953e-05 2.607717e-13
3.470000e+01 3.183814e-02 3.719059e-11 1.278080e-04 1.073600e-11
3.470000e+01 4.770840e-02 5.755042e-11 1.910669e-04 1.001824e-11
3.470000e+01 7.025257e-02 1.123141e-10 3.595835e-04 1.140377e-11
3.470000e+01 9.773653e-02 2.136558e-10 6.545745e-04 1.488610e-11
3.470000e+01 1.368335e-01 3.220604e-10 9.983519e-04 1.283119e-11
3.470000e+01 1.929536e-01 4.775489e-10 1.509684e-03 1.171040e-11
3.470000e+01 2.695639e-01 6.518460e-10 2.238941e-03 9.840375e-12
3.470000e+01 3.777252e-01 8.227139e-10 3.313875e-03 7.455227e-12
3.470000e+01 5.288205e-01 9.917504e-10 5.098830e-03 5.480037e-12
3.470000e+01 7.401737e-01 1.056123e-09 7.561499e-03 3.526293e-12
3.470000e+01 1.036455e+00 8.992945e-10 1.057689e-02 1.816079e-12
3.470000e+01 1.451071e+00 5.766390e-10 1.398475e-02 7.041998e-13
3.470000e+01 2.031429e+00 2.895987e-10 1.802048e-02 2.137300e-13
3.470000e+01 2.784068e+00 1.241470e-10 2.265193e-02 6.217838e-14
3.470000e+01 3.580407e+00 1.119320e-11 2.530167e-02 8.921666e-15
