5.900000e+00 2.094395e-02 -4.645151e-05 2.503579e-03 -2.077375e-05
5.900000e+00 3.183814e-02 -4.596972e-05 3.360337e-03 -1.327031e-05
5.900000e+00 4.770840e-02 4.452055e-06 5.576174e-03 7.750033e-07
5.900000e+00 7.025257e-02 -1.791022e-05 1.161753e-02 -1.818507e-06
5.900000e+00 9.773653e-02 -6.814030e-05 1.901554e-02 -4.747559e-06
5.900000e+00 1.368335e-01 -4.349252e-05 2.498941e-02 -1.732783e-06
5.900000e+00 1.929536e-01 -6.113155e-05 3.893544e-02 -1.499061e-06
5.900000e+00 2.695639e-01 -2.614141e-05 5.386817e-02 -3.946351e-07
5.900000e+00 3.777252e-01 -2.979578e-05 7.113563e-02 -2.700019e-07
5.900000e+00 5.288205e-01 -1.266179e-05 9.076764e-02 -6.996428e-08
5.900000e+00 7.401737e-01 -2.429233e-05 1.111542e-01 -8.110973e-08
5.900000e+00 1.036455e+00 -1.492452e-05 1.259471e-01 -3.013930e-08
5.900000e+00 1.451071e+00 -1.277407e-05 1.283924e-01 -1.559987e-08
5.900000e+00 2.031429e+00 -1.034367e-05 1.175439e-01 -7.633847e-09
5.900000e+00 2.784068e+00 -1.021225e-05 1.068770e-01 -5.114755e-09
5.900000e+00 3.580407e+00 -1.280877e-05 9.361193e-02 -1.020938e-08
6.040000e+00 2.094395e-02 -3.178210e-04 2.405726e-03 -1.421339e-04
6.040000e+00 3.183814e-02 -3.361174e-04 3.229965e-03 -9.702873e-05
6.040000e+00 4.770840e-02 -2.573760e-04 5.353910e-03 -4.480341e-05
6.040000e+00 7.025257e-02 -3.061905e-04 1.116124e-02 -3.108894e-05
6.040000e+00 9.773653e-02 -3.290383e-04 1.827201e-02 -2.292518e-05
6.040000e+00 1.368335e-01 -4.371228e-04 2.401171e-02 -1.741539e-05
6.040000e+00 1.929536e-01 -2.156533e-04 3.739243e-02 -5.288225e-06
6.040000e+00 2.695639e-01 -4.693378e-04 5.172590e-02 -7.085202e-06
6.040000e+00 3.777252e-01 -2.384964e-04 6.825114e-02 -2.161194e-06
6.040000e+00 5.288205e-01 -2.193062e-04 8.702797e-02 -1.211803e-06
6.040000e+00 7.401737e-01 -1.711150e-04 1.064398e-01 -5.713365e-07
6.040000e+00 1.036455e+00 -1.508193e-04 1.204810e-01 -3.045718e-07
6.040000e+00 1.451071e+00 -1.263898e-04 1.228397e-01 -1.543491e-07
6.040000e+00 2.031429e+00 -1.105229e-04 1.129261e-01 -8.156828e-08
6.040000e+00 2.784068e+00 -1.131035e-04 1.039222e-01 -5.664731e-08
6.040000e+00 3.580407e+00 -1.304029e-04 9.146578e-02 -1.039391e-07
6.180000e+00 2.094395e-02 -9.971328e-04 2.313310e-03 -4.459313e-04
6.180000e+00 3.183814e-02 -1.254559e-03 3.106659e-03 -3.621599e-04
6.180000e+00 4.770840e-02 -9.290336e-04 5.144347e-03 -1.617240e-04
6.180000e+00 7.025257e-02 -1.565852e-03 1.073016e-02 -1.589882e-04
6.180000e+00 9.773653e-02 -1.547645e-03 1.757143e-02 -1.078295e-04
6.180000e+00 1.368335e-01 -1.942068e-03 2.308670e-02 -7.737382e-05
6.180000e+00 1.929536e-01 -1.278328e-03 3.594170e-02 -3.134702e-05
6.180000e+00 2.695639e-01 -1.298093e-03 4.971741e-02 -1.959622e-05
6.180000e+00 3.777252e-01 -1.052321e-03 6.553962e-02 -9.535871e-06
6.180000e+00 5.288205e-01 -9.081204e-04 8.353234e-02 -5.017929e-06
6.180000e+00 7.401737e-01 -7.362414e-04 1.020252e-01 -2.458239e-06
6.180000e+00 1.036455e+00 -5.941417e-04 1.154023e-01 -1.199838e-06
6.180000e+00 1.451071e+00 -5.135747e-04 1.176436e-01 -6.271848e-07
6.180000e+00 2.031429e+00 -4.339521e-04 1.086391e-01 -3.202659e-07
6.180000e+00 2.784068e+00 -4.483292e-04 1.010369e-01 -2.245434e-07
6.180000e+00 3.580407e+00 -5.187329e-04 8.938639e-02 -4.134620e-07
6.320000e+00 2.094395e-02 -2.062687e-03 2.226025e-03 -9.224617e-04
6.320000e+00 3.183814e-02 -2.079489e-03 2.990269e-03 -6.002969e-04
6.320000e+00 4.770840e-02 -3.389619e-03 4.946663e-03 -5.900569e-04
6.320000e+00 7.025257e-02 -3.342548e-03 1.032360e-02 -3.393843e-04
6.320000e+00 9.773653e-02 -3.990947e-03 1.690963e-02 -2.780624e-04
6.320000e+00 1.368335e-01 -3.793065e-03 2.221684e-02 -1.511193e-04
6.320000e+00 1.929536e-01 -3.829978e-03 3.457339e-02 -9.391828e-05
6.320000e+00 2.695639e-01 -3.753556e-03 4.781418e-02 -5.666431e-05
6.320000e+00 3.777252e-01 -2.733961e-03 6.298766e-02 -2.477447e-05
6.320000e+00 5.288205e-01 -2.443361e-03 8.023619e-02 -1.350109e-05
6.320000e+00 7.401737e-01 -2.066060e-03 9.788730e-02 -6.898373e-06
6.320000e+00 1.036455e+00 -1.642347e-03 1.106220e-01 -3.316635e-06
6.320000e+00 1.451071e+00 -1.382441e-03 1.128027e-01 -1.688256e-06
6.320000e+00 2.031429e+00 -1.159390e-03 1.047494e-01 -8.556547e-07
6.320000e+00 2.784068e+00 -1.193421e-03 9.849819e-02 -5.977188e-07
6.320000e+00 3.580407e+00 -1.308798e-03 8.754559e-02 -1.043193e-06
6.470000e+00 2.094395e-02 -2.754788e-03 2.137962e-03 -1.231978e-03
6.470000e+00 3.183814e-02 -3.400252e-03 2.872882e-03 -9.815683e-04
6.470000e+00 4.770840e-02 -5.462074e-03 4.746730e-03 -9.508250e-04
6.470000e+00 7.025257e-02 -5.454582e-03 9.913744e-03 -5.538288e-04
6.470000e+00 9.773653e-02 -7.332061e-03 1.624389e-02 -5.108489e-04
6.470000e+00 1.368335e-01 -6.461038e-03 2.134310e-02 -2.574139e-04
6.470000e+00 1.929536e-01 -6.729478e-03 3.319292e-02 -1.650195e-04
6.470000e+00 2.695639e-01 -6.632217e-03 4.589076e-02 -1.001211e-04
6.470000e+00 3.777252e-01 -5.019064e-03 6.042766e-02 -4.548150e-05
6.470000e+00 5.288205e-01 -4.666595e-03 7.691364e-02 -2.578583e-05
6.470000e+00 7.401737e-01 -3.839782e-03 9.375507e-02 -1.282066e-05
6.470000e+00 1.036455e+00 -3.120828e-03 1.058200e-01 -6.302350e-06
6.470000e+00 1.451071e+00 -2.526482e-03 1.079958e-01 -3.085375e-06
6.470000e+00 2.031429e+00 -2.115159e-03 1.008525e-01 -1.561032e-06
6.470000e+00 2.784068e+00 -2.161180e-03 9.590865e-02 -1.082416e-06
6.470000e+00 3.580407e+00 -2.361680e-03 8.550105e-02 -1.882404e-06
6.620000e+00 2.094395e-02 -3.398295e-03 2.055014e-03 -1.519764e-03
6.620000e+00 3.183814e-02 -4.732938e-03 2.761998e-03 -1.366282e-03
6.620000e+00 4.770840e-02 -7.055785e-03 4.559244e-03 -1.228255e-03
6.620000e+00 7.025257e-02 -8.188046e-03 9.528293e-03 -8.313701e-04
6.620000e+00 9.773653e-02 -1.124170e-02 1.561252e-02 -7.832462e-04
6.620000e+00 1.368335e-01 -9.961913e-03 2.051934e-02 -3.968921e-04
6.620000e+00 1.929536e-01 -1.068591e-02 3.189744e-02 -2.620386e-04
6.620000e+00 2.695639e-01 -1.010203e-02 4.409501e-02 -1.525020e-04
6.620000e+00 3.777252e-01 -8.306613e-03 5.802401e-02 -7.527244e-05
6.620000e+00 5.288205e-01 -7.415995e-03 7.379813e-02 -4.097798e-05
6.620000e+00 7.401737e-01 -6.233815e-03 8.986658e-02 -2.081410e-05
6.620000e+00 1.036455e+00 -5.049965e-03 1.013771e-01 -1.019814e-05
6.620000e+00 1.451071e+00 -4.050111e-03 1.035346e-01 -4.946054e-06
6.620000e+00 2.031429e+00 -3.394662e-03 9.733529e-02 -2.505333e-06
6.620000e+00 2.784068e+00 -3.435309e-03 9.355637e-02 -1.720557e-06
6.620000e+00 3.580407e+00 -3.733748e-03 8.364244e-02 -2.976027e-06
6.770000e+00 2.094395e-02 -3.817314e-03 1.976959e-03 -1.707155e-03
6.770000e+00 3.183814e-02 -5.686691e-03 2.657876e-03 -1.641606e-03
6.770000e+00 4.770840e-02 -8.303788e-03 4.382254e-03 -1.445504e-03
6.770000e+00 7.025257e-02 -1.181324e-02 9.164317e-03 -1.199453e-03
6.770000e+00 9.773653e-02 -1.557604e-02 1.501685e-02 -1.085234e-03
6.770000e+00 1.368335e-01 -1.432344e-02 1.973687e-02 -5.706593e-04
6.770000e+00 1.929536e-01 -1.485698e-02 3.067566e-02 -3.643213e-04
6.770000e+00 2.695639e-01 -1.484371e-02 4.239296e-02 -2.240831e-04
6.770000e+00 3.777252e-01 -1.251150e-02 5.576124e-02 -1.133761e-04
6.770000e+00 5.288205e-01 -1.100924e-02 7.086455e-02 -6.083287e-05
6.770000e+00 7.401737e-01 -9.315759e-03 8.624064e-02 -3.110442e-05
6.770000e+00 1.036455e+00 -7.615209e-03 9.720677e-02 -1.537852e-05
6.770000e+00 1.451071e+00 -6.000923e-03 9.943565e-02 -7.328413e-06
6.770000e+00 2.031429e+00 -5.029896e-03 9.409879e-02 -3.712170e-06
6.770000e+00 2.784068e+00 -5.050543e-03 9.132238e-02 -2.529539e-06
6.770000e+00 3.580407e+00 -5.412684e-03 8.182785e-02 -4.314242e-06
6.930000e+00 2.094395e-02 -4.082309e-03 1.898319e-03 -1.825664e-03
6.930000e+00 3.183814e-02 -6.009033e-03 2.552793e-03 -1.734658e-03
6.930000e+00 4.770840e-02 -9.154039e-03 4.204858e-03 -1.593514e-03
6.930000e+00 7.025257e-02 -1.543787e-02 8.799319e-03 -1.567479e-03
6.930000e+00 9.773653e-02 -1.910463e-02 1.441782e-02 -1.331083e-03
6.930000e+00 1.368335e-01 -1.857466e-02 1.895230e-02 -7.400322e-04
6.930000e+00 1.929536e-01 -1.927533e-02 2.944662e-02 -4.726674e-04
6.930000e+00 2.695639e-01 -1.963272e-02 4.068690e-02 -2.963789e-04
6.930000e+00 3.777252e-01 -1.704731e-02 5.347808e-02 -1.544784e-04
6.930000e+00 5.288205e-01 -1.496312e-02 6.792515e-02 -8.268054e-05
6.930000e+00 7.401737e-01 -1.265762e-02 8.259682e-02 -4.226256e-05
6.930000e+00 1.036455e+00 -1.037300e-02 9.307184e-02 -2.094774e-05
6.930000e+00 1.451071e+00 -8.182383e-03 9.525030e-02 -9.992442e-06
6.930000e+00 2.031429e+00 -6.836584e-03 9.089524e-02 -5.045545e-06
6.930000e+00 2.784068e+00 -6.796222e-03 8.912904e-02 -3.403853e-06
6.930000e+00 3.580407e+00 -7.218951e-03 8.012527e-02 -5.753948e-06
7.090000e+00 2.094395e-02 -4.356332e-03 1.824217e-03 -1.948211e-03
7.090000e+00 3.183814e-02 -5.985622e-03 2.453678e-03 -1.727900e-03
7.090000e+00 4.770840e-02 -9.629554e-03 4.037779e-03 -1.676290e-03
7.090000e+00 7.025257e-02 -1.745077e-02 8.455191e-03 -1.771858e-03
7.090000e+00 9.773653e-02 -2.170232e-02 1.385394e-02 -1.512072e-03
7.090000e+00 1.368335e-01 -2.190971e-02 1.821417e-02 -8.729038e-04
7.090000e+00 1.929536e-01 -2.347844e-02 2.828797e-02 -5.757357e-04
7.090000e+00 2.695639e-01 -2.354641e-02 3.907518e-02 -3.554606e-04
7.090000e+00 3.777252e-01 -2.137490e-02 5.133854e-02 -1.936940e-04
7.090000e+00 5.288205e-01 -1.903825e-02 6.516844e-02 -1.051982e-04
7.090000e+00 7.401737e-01 -1.596625e-02 7.917777e-02 -5.330976e-05
7.090000e+00 1.036455e+00 -1.309736e-02 8.919693e-02 -2.644945e-05
7.090000e+00 1.451071e+00 -1.030986e-02 9.137933e-02 -1.259055e-05
7.090000e+00 2.031429e+00 -8.617967e-03 8.787287e-02 -6.360242e-06
7.090000e+00 2.784068e+00 -8.519100e-03 8.715442e-02 -4.266748e-06
7.090000e+00 3.580407e+00 -8.944312e-03 7.838900e-02 -7.129167e-06
7.250000e+00 2.094395e-02 -4.394754e-03 1.754456e-03 -1.965394e-03
7.250000e+00 3.183814e-02 -5.764268e-03 2.360355e-03 -1.664001e-03
7.250000e+00 4.770840e-02 -9.861385e-03 3.880836e-03 -1.716647e-03
7.250000e+00 7.025257e-02 -1.821337e-02 8.130959e-03 -1.849288e-03
7.250000e+00 9.773653e-02 -2.376349e-02 1.332488e-02 -1.655681e-03
7.250000e+00 1.368335e-01 -2.434344e-02 1.751858e-02 -9.698659e-04
7.250000e+00 1.929536e-01 -2.707354e-02 2.719781e-02 -6.638943e-04
7.250000e+00 2.695639e-01 -2.769609e-02 3.755641e-02 -4.181048e-04
7.250000e+00 3.777252e-01 -2.567191e-02 4.931251e-02 -2.326324e-04
7.250000e+00 5.288205e-01 -2.257994e-02 6.258281e-02 -1.247682e-04
7.250000e+00 7.401737e-01 -1.927272e-02 7.598307e-02 -6.434975e-05
7.250000e+00 1.036455e+00 -1.585853e-02 8.557699e-02 -3.202547e-05
7.250000e+00 1.451071e+00 -1.250184e-02 8.780701e-02 -1.526743e-05
7.250000e+00 2.031429e+00 -1.034238e-02 8.513197e-02 -7.632893e-06
7.250000e+00 2.784068e+00 -1.021003e-02 8.530559e-02 -5.113643e-06
7.250000e+00 3.580407e+00 -1.054107e-02 7.672539e-02 -8.401882e-06
7.410000e+00 2.094395e-02 -4.263194e-03 1.688643e-03 -1.906558e-03
7.410000e+00 3.183814e-02 -5.529164e-03 2.272257e-03 -1.596132e-03
7.410000e+00 4.770840e-02 -9.851595e-03 3.732782e-03 -1.714943e-03
7.410000e+00 7.025257e-02 -1.828538e-02 7.824235e-03 -1.856599e-03
7.410000e+00 9.773653e-02 -2.504476e-02 1.282615e-02 -1.744951e-03
7.410000e+00 1.368335e-01 -2.649921e-02 1.686073e-02 -1.055754e-03
7.410000e+00 1.929536e-01 -3.000537e-02 2.616834e-02 -7.357882e-04
7.410000e+00 2.695639e-01 -3.139300e-02 3.613001e-02 -4.739140e-04
7.410000e+00 3.777252e-01 -2.951755e-02 4.742282e-02 -2.674806e-04
7.410000e+00 5.288205e-01 -2.624062e-02 6.016013e-02 -1.449957e-04
7.410000e+00 7.401737e-01 -2.241934e-02 7.300943e-02 -7.485601e-05
7.410000e+00 1.036455e+00 -1.858080e-02 8.220434e-02 -3.752296e-05
7.410000e+00 1.451071e+00 -1.466107e-02 8.449803e-02 -1.790431e-05
7.410000e+00 2.031429e+00 -1.211406e-02 8.260871e-02 -8.940437e-06
7.410000e+00 2.784068e+00 -1.181269e-02 8.351409e-02 -5.916324e-06
7.410000e+00 3.580407e+00 -1.209428e-02 7.519674e-02 -9.639882e-06
7.580000e+00 2.094395e-02 -4.115625e-03 1.622662e-03 -1.840564e-03
7.580000e+00 3.183814e-02 -5.288457e-03 2.183886e-03 -1.526646e-03
7.580000e+00 4.770840e-02 -9.410067e-03 3.584585e-03 -1.638082e-03
7.580000e+00 7.025257e-02 -1.817819e-02 7.516280e-03 -1.845715e-03
7.580000e+00 9.773653e-02 -2.525789e-02 1.232308e-02 -1.759801e-03
7.580000e+00 1.368335e-01 -2.774160e-02 1.620183e-02 -1.105252e-03
7.580000e+00 1.929536e-01 -3.249034e-02 2.513208e-02 -7.967244e-04
7.580000e+00 2.695639e-01 -3.441123e-02 3.469990e-02 -5.194776e-04
7.580000e+00 3.777252e-01 -3.270840e-02 4.552776e-02 -2.963953e-04
7.580000e+00 5.288205e-01 -2.965300e-02 5.774076e-02 -1.638512e-04
7.580000e+00 7.401737e-01 -2.553999e-02 7.002486e-02 -8.527554e-05
7.580000e+00 1.036455e+00 -2.119749e-02 7.884113e-02 -4.280724e-05
7.580000e+00 1.451071e+00 -1.680191e-02 8.125710e-02 -2.051873e-05
7.580000e+00 2.031429e+00 -1.375314e-02 8.014728e-02 -1.015011e-05
7.580000e+00 2.784068e+00 -1.339822e-02 8.178593e-02 -6.710432e-06
7.580000e+00 3.580407e+00 -1.356273e-02 7.366546e-02 -1.081033e-05
7.750000e+00 2.094395e-02 -3.929213e-03 1.560464e-03 -1.757198e-03
7.750000e+00 3.183814e-02 -5.038849e-03 2.100629e-03 -1.454591e-03
7.750000e+00 4.770840e-02 -8.771376e-03 3.445047e-03 -1.526901e-03
7.750000e+00 7.025257e-02 -1.756635e-02 7.226747e-03 -1.783592e-03
7.750000e+00 9.773653e-02 -2.502784e-02 1.184974e-02 -1.743772e-03
7.750000e+00 1.368335e-01 -2.797620e-02 1.558042e-02 -1.114599e-03
7.750000e+00 1.929536e-01 -3.420105e-02 2.415927e-02 -8.386742e-04
7.750000e+00 2.695639e-01 -3.670612e-02 3.335656e-02 -5.541218e-04
7.750000e+00 3.777252e-01 -3.540095e-02 4.374100e-02 -3.207945e-04
7.750000e+00 5.288205e-01 -3.252497e-02 5.543894e-02 -1.797207e-04
7.750000e+00 7.401737e-01 -2.827177e-02 6.723045e-02 -9.439670e-05
7.750000e+00 1.036455e+00 -2.362937e-02 7.569181e-02 -4.771829e-05
7.750000e+00 1.451071e+00 -1.862083e-02 7.821803e-02 -2.274002e-05
7.750000e+00 2.031429e+00 -1.536325e-02 7.790563e-02 -1.133840e-05
7.750000e+00 2.784068e+00 -1.485851e-02 8.017893e-02 -7.441811e-06
7.750000e+00 3.580407e+00 -1.484468e-02 7.213043e-02 -1.183213e-05
7.930000e+00 2.094395e-02 -3.707025e-03 1.498334e-03 -1.657832e-03
7.930000e+00 3.183814e-02 -4.759349e-03 2.017780e-03 -1.373906e-03
7.930000e+00 4.770840e-02 -8.109205e-03 3.306258e-03 -1.411631e-03
7.930000e+00 7.025257e-02 -1.652702e-02 6.938301e-03 -1.678064e-03
7.930000e+00 9.773653e-02 -2.401492e-02 1.137787e-02 -1.673199e-03
7.930000e+00 1.368335e-01 -2.748470e-02 1.496159e-02 -1.095017e-03
7.930000e+00 1.929536e-01 -3.502870e-02 2.319175e-02 -8.589698e-04
7.930000e+00 2.695639e-01 -3.815076e-02 3.201517e-02 -5.759302e-04
7.930000e+00 3.777252e-01 -3.760889e-02 4.195762e-02 -3.408023e-04
7.930000e+00 5.288205e-01 -3.478477e-02 5.316709e-02 -1.922074e-04
7.930000e+00 7.401737e-01 -3.061778e-02 6.446083e-02 -1.022298e-04
7.930000e+00 1.036455e+00 -2.567097e-02 7.256776e-02 -5.184119e-05
7.930000e+00 1.451071e+00 -2.033459e-02 7.523586e-02 -2.483289e-05
7.930000e+00 2.031429e+00 -1.679258e-02 7.567507e-02 -1.239328e-05
7.930000e+00 2.784068e+00 -1.618081e-02 7.858472e-02 -8.104077e-06
7.930000e+00 3.580407e+00 -1.590208e-02 7.050493e-02 -1.267494e-05
8.110000e+00 2.094395e-02 -3.421492e-03 1.439817e-03 -1.530138e-03
8.110000e+00 3.183814e-02 -4.373732e-03 1.939503e-03 -1.262588e-03
8.110000e+00 4.770840e-02 -7.344422e-03 3.174954e-03 -1.278500e-03
8.110000e+00 7.025257e-02 -1.516783e-02 6.666749e-03 -1.540060e-03
8.110000e+00 9.773653e-02 -2.288156e-02 1.093283e-02 -1.594234e-03
8.110000e+00 1.368335e-01 -2.657195e-02 1.437942e-02 -1.058652e-03
8.110000e+00 1.929536e-01 -3.519332e-02 2.228157e-02 -8.630066e-04
8.110000e+00 2.695639e-01 -3.883773e-02 3.075180e-02 -5.863008e-04
8.110000e+00 3.777252e-01 -3.919648e-02 4.029335e-02 -3.551886e-04
8.110000e+00 5.288205e-01 -3.664260e-02 5.104874e-02 -2.024731e-04
8.110000e+00 7.401737e-01 -3.252791e-02 6.183997e-02 -1.086075e-04
8.110000e+00 1.036455e+00 -2.740222e-02 6.965974e-02 -5.533737e-05
8.110000e+00 1.451071e+00 -2.186402e-02 7.248839e-02 -2.670066e-05
8.110000e+00 2.031429e+00 -1.810506e-02 7.355045e-02 -1.336192e-05
8.110000e+00 2.784068e+00 -1.739348e-02 7.698578e-02 -8.711435e-06
8.110000e+00 3.580407e+00 -1.702456e-02 6.898370e-02 -1.356962e-05
8.290000e+00 2.094395e-02 -3.145562e-03 1.384645e-03 -1.406738e-03
8.290000e+00 3.183814e-02 -3.964005e-03 1.865545e-03 -1.144310e-03
8.290000e+00 4.770840e-02 -6.549557e-03 3.051709e-03 -1.140132e-03
8.290000e+00 7.025257e-02 -1.369819e-02 6.409993e-03 -1.390840e-03
8.290000e+00 9.773653e-02 -2.132589e-02 1.051252e-02 -1.485845e-03
8.290000e+00 1.368335e-01 -2.536392e-02 1.382934e-02 -1.010523e-03
8.290000e+00 1.929536e-01 -3.460368e-02 2.142153e-02 -8.485474e-04
8.290000e+00 2.695639e-01 -3.897017e-02 2.955950e-02 -5.883001e-04
8.290000e+00 3.777252e-01 -4.008182e-02 3.871733e-02 -3.632114e-04
8.290000e+00 5.288205e-01 -3.806864e-02 4.905064e-02 -2.103529e-04
8.290000e+00 7.401737e-01 -3.403971e-02 5.937865e-02 -1.136553e-04
8.290000e+00 1.036455e+00 -2.895937e-02 6.690905e-02 -5.848194e-05
8.290000e+00 1.451071e+00 -2.319453e-02 6.984950e-02 -2.832549e-05
8.290000e+00 2.031429e+00 -1.924387e-02 7.158739e-02 -1.420238e-05
8.290000e+00 2.784068e+00 -1.846694e-02 7.546319e-02 -9.249076e-06
8.290000e+00 3.580407e+00 -1.791119e-02 6.745886e-02 -1.427632e-05
8.470000e+00 2.094395e-02 -2.873171e-03 1.332706e-03 -1.284921e-03
8.470000e+00 3.183814e-02 -3.605254e-03 1.795930e-03 -1.040747e-03
8.470000e+00 4.770840e-02 -5.855317e-03 2.935174e-03 -1.019280e-03
8.470000e+00 7.025257e-02 -1.239493e-02 6.168648e-03 -1.258515e-03
8.470000e+00 9.773653e-02 -1.956020e-02 1.011778e-02 -1.362824e-03
8.470000e+00 1.368335e-01 -2.379258e-02 1.331144e-02 -9.479189e-04
8.470000e+00 1.929536e-01 -3.342298e-02 2.061115e-02 -8.195946e-04
8.470000e+00 2.695639e-01 -3.846398e-02 2.844206e-02 -5.806587e-04
8.470000e+00 3.777252e-01 -4.018066e-02 3.724125e-02 -3.641071e-04
8.470000e+00 5.288205e-01 -3.888816e-02 4.716327e-02 -2.148813e-04
8.470000e+00 7.401737e-01 -3.509015e-02 5.705929e-02 -1.171626e-04
8.470000e+00 1.036455e+00 -2.999006e-02 6.431480e-02 -6.056337e-05
8.470000e+00 1.451071e+00 -2.420946e-02 6.741013e-02 -2.956494e-05
8.470000e+00 2.031429e+00 -2.025069e-02 6.974602e-02 -1.494544e-05
8.470000e+00 2.784068e+00 -1.932874e-02 7.403293e-02 -9.680699e-06
8.470000e+00 3.580407e+00 -1.855731e-02 6.604365e-02 -1.479132e-05
8.660000e+00 2.094395e-02 -2.590570e-03 1.280972e-03 -1.158538e-03
8.660000e+00 3.183814e-02 -3.287510e-03 1.726474e-03 -9.490225e-04
8.660000e+00 4.770840e-02 -5.228785e-03 2.819560e-03 -9.102146e-04
8.660000e+00 7.025257e-02 -1.112844e-02 5.929117e-03 -1.129922e-03
8.660000e+00 9.773653e-02 -1.770878e-02 9.723890e-03 -1.233829e-03
8.660000e+00 1.368335e-01 -2.200454e-02 1.279619e-02 -8.766818e-04
8.660000e+00 1.929536e-01 -3.174013e-02 1.980153e-02 -7.783280e-04
8.660000e+00 2.695639e-01 -3.749210e-02 2.731909e-02 -5.659870e-04
8.660000e+00 3.777252e-01 -3.973690e-02 3.577337e-02 -3.600858e-04
8.660000e+00 5.288205e-01 -3.912049e-02 4.526725e-02 -2.161650e-04
8.660000e+00 7.401737e-01 -3.573928e-02 5.479003e-02 -1.193300e-04
8.660000e+00 1.036455e+00 -3.074302e-02 6.175249e-02 -6.208392e-05
8.660000e+00 1.451071e+00 -2.500014e-02 6.500698e-02 -3.053052e-05
8.660000e+00 2.031429e+00 -2.107055e-02 6.797375e-02 -1.555052e-05
8.660000e+00 2.784068e+00 -2.002553e-02 7.265313e-02 -1.002968e-05
8.660000e+00 3.580407e+00 -1.913509e-02 6.471085e-02 -1.525184e-05
8.860000e+00 2.094395e-02 -2.343891e-03 1.229630e-03 -1.048220e-03
8.860000e+00 3.183814e-02 -2.985819e-03 1.657700e-03 -8.619318e-04
8.860000e+00 4.770840e-02 -4.656494e-03 2.704545e-03 -8.105916e-04
8.860000e+00 7.025257e-02 -9.945479e-03 5.691359e-03 -1.009810e-03
8.860000e+00 9.773653e-02 -1.591148e-02 9.333880e-03 -1.108605e-03
8.860000e+00 1.368335e-01 -2.016069e-02 1.228317e-02 -8.032213e-04
8.860000e+00 1.929536e-01 -2.968753e-02 1.900723e-02 -7.279942e-04
8.860000e+00 2.695639e-01 -3.590706e-02 2.621382e-02 -5.420590e-04
8.860000e+00 3.777252e-01 -3.877396e-02 3.432052e-02 -3.513599e-04
8.860000e+00 5.288205e-01 -3.879236e-02 4.341681e-02 -2.143519e-04
8.860000e+00 7.401737e-01 -3.593246e-02 5.251386e-02 -1.199750e-04
8.860000e+00 1.036455e+00 -3.112088e-02 5.927773e-02 -6.284701e-05
8.860000e+00 1.451071e+00 -2.550279e-02 6.263806e-02 -3.114437e-05
8.860000e+00 2.031429e+00 -2.159683e-02 6.625259e-02 -1.593892e-05
8.860000e+00 2.784068e+00 -2.051851e-02 7.126990e-02 -1.027659e-05
8.860000e+00 3.580407e+00 -1.950883e-02 6.322019e-02 -1.554974e-05
9.050000e+00 2.094395e-02 -2.131556e-03 1.183738e-03 -9.532607e-04
9.050000e+00 3.183814e-02 -2.715130e-03 1.596072e-03 -7.837905e-04
9.050000e+00 4.770840e-02 -4.203046e-03 2.601988e-03 -7.316565e-04
9.050000e+00 7.025257e-02 -8.934847e-03 5.478714e-03 -9.071963e-04
9.050000e+00 9.773653e-02 -1.431907e-02 8.985217e-03 -9.976571e-04
9.050000e+00 1.368335e-01 -1.833857e-02 1.182364e-02 -7.306263e-04
9.050000e+00 1.929536e-01 -2.753634e-02 1.829414e-02 -6.752430e-04
9.050000e+00 2.695639e-01 -3.390636e-02 2.522451e-02 -5.118560e-04
9.050000e+00 3.777252e-01 -3.729155e-02 3.301387e-02 -3.379267e-04
9.050000e+00 5.288205e-01 -3.800539e-02 4.175774e-02 -2.100034e-04
9.050000e+00 7.401737e-01 -3.564566e-02 5.051723e-02 -1.190174e-04
9.050000e+00 1.036455e+00 -3.118730e-02 5.704449e-02 -6.298113e-05
9.050000e+00 1.451071e+00 -2.580653e-02 6.054905e-02 -3.151530e-05
9.050000e+00 2.031429e+00 -2.193947e-02 6.468093e-02 -1.619179e-05
9.050000e+00 2.784068e+00 -2.089648e-02 7.004368e-02 -1.046590e-05
9.050000e+00 3.580407e+00 -1.960204e-02 6.180304e-02 -1.562403e-05
9.250000e+00 2.094395e-02 -1.919922e-03 1.138125e-03 -8.586151e-04
9.250000e+00 3.183814e-02 -2.459625e-03 1.534722e-03 -7.100325e-04
9.250000e+00 4.770840e-02 -3.779383e-03 2.500199e-03 -6.579061e-04
9.250000e+00 7.025257e-02 -7.968400e-03 5.266909e-03 -8.090685e-04
9.250000e+00 9.773653e-02 -1.284869e-02 8.638979e-03 -8.952104e-04
9.250000e+00 1.368335e-01 -1.654278e-02 1.136829e-02 -6.590801e-04
9.250000e+00 1.929536e-01 -2.529379e-02 1.758654e-02 -6.202513e-04
9.250000e+00 2.695639e-01 -3.168792e-02 2.424822e-02 -4.783662e-04
9.250000e+00 3.777252e-01 -3.548890e-02 3.172471e-02 -3.215915e-04
9.250000e+00 5.288205e-01 -3.674778e-02 4.010702e-02 -2.030543e-04
9.250000e+00 7.401737e-01 -3.500795e-02 4.854318e-02 -1.168881e-04
9.250000e+00 1.036455e+00 -3.090735e-02 5.486907e-02 -6.241579e-05
9.250000e+00 1.451071e+00 -2.579103e-02 5.852384e-02 -3.149638e-05
9.250000e+00 2.031429e+00 -2.210399e-02 6.313883e-02 -1.631321e-05
9.250000e+00 2.784068e+00 -2.109257e-02 6.881755e-02 -1.056411e-05
9.250000e+00 3.580407e+00 -1.969778e-02 6.046656e-02 -1.570035e-05
9.460000e+00 2.094395e-02 -1.721134e-03 1.092943e-03 -7.697143e-04
9.460000e+00 3.183814e-02 -2.206888e-03 1.474086e-03 -6.370736e-04
9.460000e+00 4.770840e-02 -3.380780e-03 2.399491e-03 -5.885183e-04
9.460000e+00 7.025257e-02 -7.092298e-03 5.057293e-03 -7.201138e-04
9.460000e+00 9.773653e-02 -1.148127e-02 8.296396e-03 -7.999382e-04
9.460000e+00 1.368335e-01 -1.486288e-02 1.091856e-02 -5.921515e-04
9.460000e+00 1.929536e-01 -2.302157e-02 1.688475e-02 -5.645322e-04
9.460000e+00 2.695639e-01 -2.927983e-02 2.327976e-02 -4.420133e-04
9.460000e+00 3.777252e-01 -3.341991e-02 3.045188e-02 -3.028428e-04
9.460000e+00 5.288205e-01 -3.515130e-02 3.848625e-02 -1.942328e-04
9.460000e+00 7.401737e-01 -3.399737e-02 4.657438e-02 -1.135139e-04
9.460000e+00 1.036455e+00 -3.034548e-02 5.275604e-02 -6.128111e-05
9.460000e+00 1.451071e+00 -2.556960e-02 5.650384e-02 -3.122596e-05
9.460000e+00 2.031429e+00 -2.211039e-02 6.166110e-02 -1.631794e-05
9.460000e+00 2.784068e+00 -2.117293e-02 6.754753e-02 -1.060435e-05
9.460000e+00 3.580407e+00 -1.972272e-02 5.915571e-02 -1.572022e-05
9.670000e+00 2.094395e-02 -1.544329e-03 1.050471e-03 -6.906449e-04
9.670000e+00 3.183814e-02 -1.964137e-03 1.417092e-03 -5.669976e-04
9.670000e+00 4.770840e-02 -3.016979e-03 2.305108e-03 -5.251886e-04
9.670000e+00 7.025257e-02 -6.309785e-03 4.860060e-03 -6.406616e-04
9.670000e+00 9.773653e-02 -1.024746e-02 7.973897e-03 -7.139742e-04
9.670000e+00 1.368335e-01 -1.331422e-02 1.049662e-02 -5.304511e-04
9.670000e+00 1.929536e-01 -2.080950e-02 1.622351e-02 -5.102882e-04
9.670000e+00 2.695639e-01 -2.683203e-02 2.236713e-02 -4.050609e-04
9.670000e+00 3.777252e-01 -3.114718e-02 2.926021e-02 -2.822479e-04
9.670000e+00 5.288205e-01 -3.334471e-02 3.695392e-02 -1.842502e-04
9.670000e+00 7.401737e-01 -3.272074e-02 4.473633e-02 -1.092514e-04
9.670000e+00 1.036455e+00 -2.955389e-02 5.077970e-02 -5.968255e-05
9.670000e+00 1.451071e+00 -2.515940e-02 5.469201e-02 -3.072502e-05
9.670000e+00 2.031429e+00 -2.198265e-02 6.030534e-02 -1.622366e-05
9.670000e+00 2.784068e+00 -2.113386e-02 6.636922e-02 -1.058479e-05
9.670000e+00 3.580407e+00 -1.953924e-02 5.780099e-02 -1.557398e-05
9.880000e+00 2.094395e-02 -1.388601e-03 1.010311e-03 -6.210014e-04
9.880000e+00 3.183814e-02 -1.746122e-03 1.363234e-03 -5.040621e-04
9.880000e+00 4.770840e-02 -2.684835e-03 2.216076e-03 -4.673698e-04
9.880000e+00 7.025257e-02 -5.599197e-03 4.674659e-03 -5.685123e-04
9.880000e+00 9.773653e-02 -9.135255e-03 7.669843e-03 -6.364834e-04
9.880000e+00 1.368335e-01 -1.187703e-02 1.009693e-02 -4.731921e-04
9.880000e+00 1.929536e-01 -1.870175e-02 1.559998e-02 -4.586022e-04
9.880000e+00 2.695639e-01 -2.438875e-02 2.150083e-02 -3.681767e-04
9.880000e+00 3.777252e-01 -2.878156e-02 2.812954e-02 -2.608112e-04
9.880000e+00 5.288205e-01 -3.134420e-02 3.552685e-02 -1.731962e-04
9.880000e+00 7.401737e-01 -3.121697e-02 4.301468e-02 -1.042304e-04
9.880000e+00 1.036455e+00 -2.857247e-02 4.892719e-02 -5.770061e-05
9.880000e+00 1.451071e+00 -2.457915e-02 5.302303e-02 -3.001641e-05
9.880000e+00 2.031429e+00 -2.168225e-02 5.904580e-02 -1.600196e-05
9.880000e+00 2.784068e+00 -2.092355e-02 6.520989e-02 -1.047945e-05
9.880000e+00 3.580407e+00 -1.918983e-02 5.651129e-02 -1.529548e-05
1.010000e+01 2.094395e-02 -1.243681e-03 9.706530e-04 -5.561912e-04
1.010000e+01 3.183814e-02 -1.549541e-03 1.309994e-03 -4.473138e-04
1.010000e+01 4.770840e-02 -2.385638e-03 2.128165e-03 -4.152862e-04
1.010000e+01 7.025257e-02 -4.955674e-03 4.491077e-03 -5.031725e-04
1.010000e+01 9.773653e-02 -8.085137e-03 7.367612e-03 -5.633182e-04
1.010000e+01 1.368335e-01 -1.053797e-02 9.703030e-03 -4.198429e-04
1.010000e+01 1.929536e-01 -1.665270e-02 1.498289e-02 -4.083556e-04
1.010000e+01 2.695639e-01 -2.197830e-02 2.065599e-02 -3.317881e-04
1.010000e+01 3.777252e-01 -2.637767e-02 2.701350e-02 -2.390278e-04
1.010000e+01 5.288205e-01 -2.919598e-02 3.411248e-02 -1.613259e-04
1.010000e+01 7.401737e-01 -2.955139e-02 4.132630e-02 -9.866922e-05
1.010000e+01 1.036455e+00 -2.739042e-02 4.709809e-02 -5.531353e-05
1.010000e+01 1.451071e+00 -2.379177e-02 5.139700e-02 -2.905485e-05
1.010000e+01 2.031429e+00 -2.123313e-02 5.780545e-02 -1.567050e-05
1.010000e+01 2.784068e+00 -2.058083e-02 6.405409e-02 -1.030781e-05
1.010000e+01 3.580407e+00 -1.874347e-02 5.531861e-02 -1.493970e-05
1.032000e+01 2.094395e-02 -1.108501e-03 9.334098e-04 -4.957367e-04
1.032000e+01 3.183814e-02 -1.373606e-03 1.259875e-03 -3.965260e-04
1.032000e+01 4.770840e-02 -2.116818e-03 2.045416e-03 -3.684907e-04
1.032000e+01 7.025257e-02 -4.377510e-03 4.318697e-03 -4.444688e-04
1.032000e+01 9.773653e-02 -7.144813e-03 7.083871e-03 -4.978027e-04
1.032000e+01 1.368335e-01 -9.310579e-03 9.331875e-03 -3.709423e-04
1.032000e+01 1.929536e-01 -1.477657e-02 1.440576e-02 -3.623494e-04
1.032000e+01 2.695639e-01 -1.966602e-02 1.984943e-02 -2.968816e-04
1.032000e+01 3.777252e-01 -2.400495e-02 2.596607e-02 -2.175269e-04
1.032000e+01 5.288205e-01 -2.698192e-02 3.278728e-02 -1.490919e-04
1.032000e+01 7.401737e-01 -2.774552e-02 3.971850e-02 -9.263959e-05
1.032000e+01 1.036455e+00 -2.607665e-02 4.538383e-02 -5.266043e-05
1.032000e+01 1.451071e+00 -2.289425e-02 4.984521e-02 -2.795878e-05
1.032000e+01 2.031429e+00 -2.068865e-02 5.665082e-02 -1.526867e-05
1.032000e+01 2.784068e+00 -2.010760e-02 6.294579e-02 -1.007079e-05
1.032000e+01 3.580407e+00 -1.824129e-02 5.418677e-02 -1.453943e-05
1.055000e+01 2.094395e-02 -9.819239e-04 8.966274e-04 -4.391297e-04
1.055000e+01 3.183814e-02 -1.218239e-03 1.210478e-03 -3.516754e-04
1.055000e+01 4.770840e-02 -1.872113e-03 1.963629e-03 -3.258930e-04
1.055000e+01 7.025257e-02 -3.851628e-03 4.148752e-03 -3.910736e-04
1.055000e+01 9.773653e-02 -6.300204e-03 6.805174e-03 -4.389560e-04
1.055000e+01 1.368335e-01 -8.201290e-03 8.965144e-03 -3.267472e-04
1.055000e+01 1.929536e-01 -1.305054e-02 1.383617e-02 -3.200239e-04
1.055000e+01 2.695639e-01 -1.750598e-02 1.906244e-02 -2.642732e-04
1.055000e+01 3.777252e-01 -2.167088e-02 2.494026e-02 -1.963761e-04
1.055000e+01 5.288205e-01 -2.470400e-02 3.149017e-02 -1.365049e-04
1.055000e+01 7.401737e-01 -2.582699e-02 3.814830e-02 -8.623380e-05
1.055000e+01 1.036455e+00 -2.457805e-02 4.370901e-02 -4.963410e-05
1.055000e+01 1.451071e+00 -2.187359e-02 4.836143e-02 -2.671234e-05
1.055000e+01 2.031429e+00 -2.000249e-02 5.551445e-02 -1.476226e-05
1.055000e+01 2.784068e+00 -1.961154e-02 6.181176e-02 -9.822341e-06
1.055000e+01 3.580407e+00 -1.762953e-02 5.292116e-02 -1.405182e-05
1.078000e+01 2.094395e-02 -8.635762e-04 8.620444e-04 -3.862030e-04
1.078000e+01 3.183814e-02 -1.074959e-03 1.163855e-03 -3.103139e-04
1.078000e+01 4.770840e-02 -1.648712e-03 1.886753e-03 -2.870039e-04
1.078000e+01 7.025257e-02 -3.383091e-03 3.987864e-03 -3.435008e-04
1.078000e+01 9.773653e-02 -5.537837e-03 6.543183e-03 -3.858394e-04
1.078000e+01 1.368335e-01 -7.210256e-03 8.618867e-03 -2.872635e-04
1.078000e+01 1.929536e-01 -1.149430e-02 1.329644e-02 -2.818619e-04
1.078000e+01 2.695639e-01 -1.552407e-02 1.832275e-02 -2.343539e-04
1.078000e+01 3.777252e-01 -1.942036e-02 2.396928e-02 -1.759824e-04
1.078000e+01 5.288205e-01 -2.245456e-02 3.026463e-02 -1.240754e-04
1.078000e+01 7.401737e-01 -2.386136e-02 3.668376e-02 -7.967077e-05
1.078000e+01 1.036455e+00 -2.297484e-02 4.212601e-02 -4.639649e-05
1.078000e+01 1.451071e+00 -2.074728e-02 4.692716e-02 -2.533687e-05
1.078000e+01 2.031429e+00 -1.922742e-02 5.443620e-02 -1.419024e-05
1.078000e+01 2.784068e+00 -1.895611e-02 6.067385e-02 -9.494073e-06
1.078000e+01 3.580407e+00 -1.706609e-02 5.177541e-02 -1.360272e-05
1.101000e+01 2.094395e-02 -7.600218e-04 8.294155e-04 -3.398921e-04
1.101000e+01 3.183814e-02 -9.502620e-04 1.120148e-03 -2.743170e-04
1.101000e+01 4.770840e-02 -1.448630e-03 1.814469e-03 -2.521741e-04
1.101000e+01 7.025257e-02 -2.957151e-03 3.836368e-03 -3.002532e-04
1.101000e+01 9.773653e-02 -4.847272e-03 6.295039e-03 -3.377254e-04
1.101000e+01 1.368335e-01 -6.337679e-03 8.291832e-03 -2.524992e-04
1.101000e+01 1.929536e-01 -1.009635e-02 1.278947e-02 -2.475815e-04
1.101000e+01 2.695639e-01 -1.370602e-02 1.762623e-02 -2.069083e-04
1.101000e+01 3.777252e-01 -1.729696e-02 2.306112e-02 -1.567407e-04
1.101000e+01 5.288205e-01 -2.030168e-02 2.912733e-02 -1.121794e-04
1.101000e+01 7.401737e-01 -2.189086e-02 3.531319e-02 -7.309145e-05
1.101000e+01 1.036455e+00 -2.135531e-02 4.065303e-02 -4.312594e-05
1.101000e+01 1.451071e+00 -1.959567e-02 4.563184e-02 -2.393051e-05
1.101000e+01 2.031429e+00 -1.840790e-02 5.338952e-02 -1.358542e-05
1.101000e+01 2.784068e+00 -1.822429e-02 5.953366e-02 -9.127543e-06
1.101000e+01 3.580407e+00 -1.627639e-02 5.070060e-02 -1.297328e-05
1.125000e+01 2.094395e-02 -6.668606e-04 7.973096e-04 -2.982291e-04
1.125000e+01 3.183814e-02 -8.350196e-04 1.076969e-03 -2.410494e-04
1.125000e+01 4.770840e-02 -1.266394e-03 1.743270e-03 -2.204510e-04
1.125000e+01 7.025257e-02 -2.572759e-03 3.687813e-03 -2.612241e-04
1.125000e+01 9.773653e-02 -4.230782e-03 6.051022e-03 -2.947725e-04
1.125000e+01 1.368335e-01 -5.534718e-03 7.969400e-03 -2.205084e-04
1.125000e+01 1.929536e-01 -8.825399e-03 1.229138e-02 -2.164154e-04
1.125000e+01 2.695639e-01 -1.203487e-02 1.694143e-02 -1.816804e-04
1.125000e+01 3.777252e-01 -1.530394e-02 2.216749e-02 -1.386805e-04
1.125000e+01 5.288205e-01 -1.821450e-02 2.799178e-02 -1.006464e-04
1.125000e+01 7.401737e-01 -1.991593e-02 3.397782e-02 -6.649735e-05
1.125000e+01 1.036455e+00 -1.970167e-02 3.922038e-02 -3.978650e-05
1.125000e+01 1.451071e+00 -1.836772e-02 4.437014e-02 -2.243092e-05
1.125000e+01 2.031429e+00 -1.749509e-02 5.236068e-02 -1.291175e-05
1.125000e+01 2.784068e+00 -1.749510e-02 5.849144e-02 -8.762335e-06
1.125000e+01 3.580407e+00 -1.550522e-02 4.959688e-02 -1.235862e-05
1.150000e+01 2.094395e-02 -5.804543e-04 7.658464e-04 -2.595871e-04
1.150000e+01 3.183814e-02 -7.283622e-04 1.034476e-03 -2.102600e-04
1.150000e+01 4.770840e-02 -1.094522e-03 1.673801e-03 -1.905317e-04
1.150000e+01 7.025257e-02 -2.226963e-03 3.541179e-03 -2.261138e-04
1.150000e+01 9.773653e-02 -3.677871e-03 5.810968e-03 -2.562494e-04
1.150000e+01 1.368335e-01 -4.810584e-03 7.654089e-03 -1.916583e-04
1.150000e+01 1.929536e-01 -7.671478e-03 1.180275e-02 -1.881191e-04
1.150000e+01 2.695639e-01 -1.049354e-02 1.627016e-02 -1.584122e-04
1.150000e+01 3.777252e-01 -1.346582e-02 2.129292e-02 -1.220239e-04
1.150000e+01 5.288205e-01 -1.622697e-02 2.688115e-02 -8.966411e-05
1.150000e+01 7.401737e-01 -1.798447e-02 3.266922e-02 -6.004840e-05
1.150000e+01 1.036455e+00 -1.805417e-02 3.785001e-02 -3.645946e-05
1.150000e+01 1.451071e+00 -1.711551e-02 4.316698e-02 -2.090171e-05
1.150000e+01 2.031429e+00 -1.653025e-02 5.135761e-02 -1.219968e-05
1.150000e+01 2.784068e+00 -1.662496e-02 5.739030e-02 -8.326526e-06
1.150000e+01 3.580407e+00 -1.464803e-02 4.855806e-02 -1.167538e-05
1.175000e+01 2.094395e-02 -5.023502e-04 7.362073e-04 -2.246578e-04
1.175000e+01 3.183814e-02 -6.340224e-04 9.945995e-04 -1.830265e-04
1.175000e+01 4.770840e-02 -9.433860e-04 1.608239e-03 -1.642224e-04
1.175000e+01 7.025257e-02 -1.924662e-03 3.403478e-03 -1.954198e-04
1.175000e+01 9.773653e-02 -3.180381e-03 5.585181e-03 -2.215876e-04
1.175000e+01 1.368335e-01 -4.178131e-03 7.357336e-03 -1.664607e-04
1.175000e+01 1.929536e-01 -6.642639e-03 1.134584e-02 -1.628900e-04
1.175000e+01 2.695639e-01 -9.128529e-03 1.563719e-02 -1.378058e-04
1.175000e+01 3.777252e-01 -1.180326e-02 2.046227e-02 -1.069582e-04
1.175000e+01 5.288205e-01 -1.438427e-02 2.584321e-02 -7.948203e-05
1.175000e+01 7.401737e-01 -1.613732e-02 3.144173e-02 -5.388094e-05
1.175000e+01 1.036455e+00 -1.643596e-02 3.656366e-02 -3.319156e-05
1.175000e+01 1.451071e+00 -1.581991e-02 4.204449e-02 -1.931950e-05
1.175000e+01 2.031429e+00 -1.549314e-02 5.038841e-02 -1.143427e-05
1.175000e+01 2.784068e+00 -1.569228e-02 5.634472e-02 -7.859401e-06
1.175000e+01 3.580407e+00 -1.376372e-02 4.749559e-02 -1.097053e-05
1.200000e+01 2.094395e-02 -4.332658e-04 7.081803e-04 -1.937624e-04
1.200000e+01 3.183814e-02 -5.503546e-04 9.568331e-04 -1.588737e-04
1.200000e+01 4.770840e-02 -8.074032e-04 1.546140e-03 -1.405509e-04
1.200000e+01 7.025257e-02 -1.658495e-03 3.273423e-03 -1.683947e-04
1.200000e+01 9.773653e-02 -2.746057e-03 5.373105e-03 -1.913269e-04
1.200000e+01 1.368335e-01 -3.601151e-03 7.076275e-03 -1.434733e-04
1.200000e+01 1.929536e-01 -5.744447e-03 1.091148e-02 -1.408647e-04
1.200000e+01 2.695639e-01 -7.915342e-03 1.504047e-02 -1.194913e-04
1.200000e+01 3.777252e-01 -1.029691e-02 1.967916e-02 -9.330805e-05
1.200000e+01 5.288205e-01 -1.265021e-02 2.485866e-02 -6.990024e-05
1.200000e+01 7.401737e-01 -1.438385e-02 3.029122e-02 -4.802628e-05
1.200000e+01 1.036455e+00 -1.485868e-02 3.537242e-02 -3.000634e-05
1.200000e+01 1.451071e+00 -1.451857e-02 4.101100e-02 -1.773028e-05
1.200000e+01 2.031429e+00 -1.442776e-02 4.948895e-02 -1.064800e-05
1.200000e+01 2.784068e+00 -1.472678e-02 5.527536e-02 -7.375832e-06
1.200000e+01 3.580407e+00 -1.289830e-02 4.650710e-02 -1.028074e-05
1.226000e+01 2.094395e-02 -3.723880e-04 6.807197e-04 -1.665370e-04
1.226000e+01 3.183814e-02 -4.738879e-04 9.197932e-04 -1.367997e-04
1.226000e+01 4.770840e-02 -6.915137e-04 1.485492e-03 -1.203771e-04
1.226000e+01 7.025257e-02 -1.424495e-03 3.146078e-03 -1.446356e-04
1.226000e+01 9.773653e-02 -2.363603e-03 5.164673e-03 -1.646801e-04
1.226000e+01 1.368335e-01 -3.103217e-03 6.800852e-03 -1.236351e-04
1.226000e+01 1.929536e-01 -4.946194e-03 1.048691e-02 -1.212900e-04
1.226000e+01 2.695639e-01 -6.821034e-03 1.444947e-02 -1.029715e-04
1.226000e+01 3.777252e-01 -8.929683e-03 1.891341e-02 -8.091855e-05
1.226000e+01 5.288205e-01 -1.105607e-02 2.390692e-02 -6.109164e-05
1.226000e+01 7.401737e-01 -1.272971e-02 2.917724e-02 -4.250327e-05
1.226000e+01 1.036455e+00 -1.332808e-02 3.419816e-02 -2.691536e-05
1.226000e+01 1.451071e+00 -1.324719e-02 4.000213e-02 -1.617766e-05
1.226000e+01 2.031429e+00 -1.336908e-02 4.860291e-02 -9.866666e-06
1.226000e+01 2.784068e+00 -1.374224e-02 5.423941e-02 -6.882732e-06
1.226000e+01 3.580407e+00 -1.200928e-02 4.546299e-02 -9.572132e-06
1.253000e+01 2.094395e-02 -3.188333e-04 6.537241e-04 -1.425866e-04
1.253000e+01 3.183814e-02 -4.035595e-04 8.835059e-04 -1.164976e-04
1.253000e+01 4.770840e-02 -5.894941e-04 1.426126e-03 -1.026178e-04
1.253000e+01 7.025257e-02 -1.218152e-03 3.021319e-03 -1.236846e-04
1.253000e+01 9.773653e-02 -2.024453e-03 4.960179e-03 -1.410503e-04
1.253000e+01 1.368335e-01 -2.654440e-03 6.530439e-03 -1.057554e-04
1.253000e+01 1.929536e-01 -4.241337e-03 1.007110e-02 -1.040056e-04
1.253000e+01 2.695639e-01 -5.848106e-03 1.387007e-02 -8.828399e-05
1.253000e+01 3.777252e-01 -7.702080e-03 1.816653e-02 -6.979431e-05
1.253000e+01 5.288205e-01 -9.605925e-03 2.297791e-02 -5.307870e-05
1.253000e+01 7.401737e-01 -1.118693e-02 2.806465e-02 -3.735207e-05
1.253000e+01 1.036455e+00 -1.188671e-02 3.308049e-02 -2.400460e-05
1.253000e+01 1.451071e+00 -1.201020e-02 3.902946e-02 -1.466702e-05
1.253000e+01 2.031429e+00 -1.231708e-02 4.770130e-02 -9.090263e-06
1.253000e+01 2.784068e+00 -1.274207e-02 5.316308e-02 -6.381800e-06
1.253000e+01 3.580407e+00 -1.111486e-02 4.443659e-02 -8.859230e-06
1.280000e+01 2.094395e-02 -2.706955e-04 6.283276e-04 -1.210587e-04
1.280000e+01 3.183814e-02 -3.439424e-04 8.492418e-04 -9.928761e-05
1.280000e+01 4.770840e-02 -4.984544e-04 1.370166e-03 -8.676978e-05
1.280000e+01 7.025257e-02 -1.035969e-03 2.903817e-03 -1.051867e-04
1.280000e+01 9.773653e-02 -1.721388e-03 4.768620e-03 -1.199348e-04
1.280000e+01 1.368335e-01 -2.261551e-03 6.275158e-03 -9.010235e-05
1.280000e+01 1.929536e-01 -3.613313e-03 9.681455e-03 -8.860525e-05
1.280000e+01 2.695639e-01 -4.987902e-03 1.332180e-02 -7.529820e-05
1.280000e+01 3.777252e-01 -6.612432e-03 1.746079e-02 -5.992020e-05
1.280000e+01 5.288205e-01 -8.288815e-03 2.209462e-02 -4.580085e-05
1.280000e+01 7.401737e-01 -9.781451e-03 2.704544e-02 -3.265931e-05
1.280000e+01 1.036455e+00 -1.050467e-02 3.200807e-02 -2.121363e-05
1.280000e+01 1.451071e+00 -1.079937e-02 3.808339e-02 -1.318835e-05
1.280000e+01 2.031429e+00 -1.128944e-02 4.683695e-02 -8.331847e-06
1.280000e+01 2.784068e+00 -1.175063e-02 5.210025e-02 -5.885242e-06
1.280000e+01 3.580407e+00 -1.024335e-02 4.348425e-02 -8.164579e-06
1.308000e+01 2.094395e-02 -2.293469e-04 6.035999e-04 -1.025671e-04
1.308000e+01 3.183814e-02 -2.944859e-04 8.157960e-04 -8.501076e-05
1.308000e+01 4.770840e-02 -4.239762e-04 1.315771e-03 -7.380478e-05
1.308000e+01 7.025257e-02 -8.793689e-04 2.789562e-03 -8.928638e-05
1.308000e+01 9.773653e-02 -1.464254e-03 4.580996e-03 -1.020194e-04
1.308000e+01 1.368335e-01 -1.922757e-03 6.028889e-03 -7.660448e-05
1.308000e+01 1.929536e-01 -3.073203e-03 9.300274e-03 -7.536072e-05
1.308000e+01 2.695639e-01 -4.236447e-03 1.279070e-02 -6.395411e-05
1.308000e+01 3.777252e-01 -5.644445e-03 1.677304e-02 -5.114854e-05
1.308000e+01 5.288205e-01 -7.104006e-03 2.123699e-02 -3.925405e-05
1.308000e+01 7.401737e-01 -8.479828e-03 2.604476e-02 -2.831332e-05
1.308000e+01 1.036455e+00 -9.231249e-03 3.098543e-02 -1.864203e-05
1.308000e+01 1.451071e+00 -9.658295e-03 3.719695e-02 -1.179485e-05
1.308000e+01 2.031429e+00 -1.026093e-02 4.595531e-02 -7.572782e-06
1.308000e+01 2.784068e+00 -1.078534e-02 5.103921e-02 -5.401782e-06
1.308000e+01 3.580407e+00 -9.344472e-03 4.247499e-02 -7.448119e-06
1.336000e+01 2.094395e-02 -1.932123e-04 5.803310e-04 -8.640717e-05
1.336000e+01 3.183814e-02 -2.512651e-04 7.844219e-04 -7.253400e-05
1.336000e+01 4.770840e-02 -3.591697e-04 1.264393e-03 -6.252342e-05
1.336000e+01 7.025257e-02 -7.414947e-04 2.681669e-03 -7.528738e-05
1.336000e+01 9.773653e-02 -1.235064e-03 4.404020e-03 -8.605101e-05
1.336000e+01 1.368335e-01 -1.629083e-03 5.796305e-03 -6.490420e-05
1.336000e+01 1.929536e-01 -2.604665e-03 8.942663e-03 -6.387129e-05
1.336000e+01 2.695639e-01 -3.578179e-03 1.229543e-02 -5.401678e-05
1.336000e+01 3.777252e-01 -4.787301e-03 1.612264e-02 -4.338131e-05
1.336000e+01 5.288205e-01 -6.055757e-03 2.041749e-02 -3.346182e-05
1.336000e+01 7.401737e-01 -7.308632e-03 2.510695e-02 -2.440281e-05
1.336000e+01 1.036455e+00 -8.063470e-03 3.004153e-02 -1.628376e-05
1.336000e+01 1.451071e+00 -8.588379e-03 3.636671e-02 -1.048825e-05
1.336000e+01 2.031429e+00 -9.269762e-03 4.508254e-02 -6.841281e-06
1.336000e+01 2.784068e+00 -9.836323e-03 4.999209e-02 -4.926473e-06
1.336000e+01 3.580407e+00 -8.549137e-03 4.154758e-02 -6.814188e-06
1.365000e+01 2.094395e-02 -1.622978e-04 5.576559e-04 -7.258180e-05
1.365000e+01 3.183814e-02 -2.113638e-04 7.540286e-04 -6.101548e-05
1.365000e+01 4.770840e-02 -3.030554e-04 1.214534e-03 -5.275517e-05
1.365000e+01 7.025257e-02 -6.238116e-04 2.577073e-03 -6.333847e-05
1.365000e+01 9.773653e-02 -1.037267e-03 4.232275e-03 -7.226981e-05
1.365000e+01 1.368335e-01 -1.371721e-03 5.569975e-03 -5.465069e-05
1.365000e+01 1.929536e-01 -2.190699e-03 8.594133e-03 -5.372007e-05
1.365000e+01 2.695639e-01 -3.012788e-03 1.181280e-02 -4.548154e-05
1.365000e+01 3.777252e-01 -4.039081e-03 1.549682e-02 -3.660114e-05
1.365000e+01 5.288205e-01 -5.122880e-03 1.962714e-02 -2.830709e-05
1.365000e+01 7.401737e-01 -6.249555e-03 2.420822e-02 -2.086666e-05
1.365000e+01 1.036455e+00 -6.983245e-03 2.912896e-02 -1.410230e-05
1.365000e+01 1.451071e+00 -7.571207e-03 3.557048e-02 -9.246066e-06
1.365000e+01 2.031429e+00 -8.307932e-03 4.426672e-02 -6.131430e-06
1.365000e+01 2.784068e+00 -8.932814e-03 4.901526e-02 -4.473955e-06
1.365000e+01 3.580407e+00 -7.813476e-03 4.066556e-02 -6.227821e-06
1.394000e+01 2.094395e-02 -1.373079e-04 5.362321e-04 -6.140598e-05
1.394000e+01 3.183814e-02 -1.783817e-04 7.252638e-04 -5.149436e-05
1.394000e+01 4.770840e-02 -2.553734e-04 1.167493e-03 -4.445481e-05
1.394000e+01 7.025257e-02 -5.202737e-04 2.478163e-03 -5.282579e-05
1.394000e+01 9.773653e-02 -8.692759e-04 4.069331e-03 -6.056532e-05
1.394000e+01 1.368335e-01 -1.156315e-03 5.357298e-03 -4.606871e-05
1.394000e+01 1.929536e-01 -1.839630e-03 8.264111e-03 -4.511119e-05
1.394000e+01 2.695639e-01 -2.532418e-03 1.135864e-02 -3.822981e-05
1.394000e+01 3.777252e-01 -3.403890e-03 1.490086e-02 -3.084519e-05
1.394000e+01 5.288205e-01 -4.320363e-03 1.888839e-02 -2.387269e-05
1.394000e+01 7.401737e-01 -5.323060e-03 2.335755e-02 -1.777318e-05
1.394000e+01 1.036455e+00 -6.022459e-03 2.827152e-02 -1.216204e-05
1.394000e+01 1.451071e+00 -6.647933e-03 3.483738e-02 -8.118551e-06
1.394000e+01 2.031429e+00 -7.419555e-03 4.347453e-02 -5.475789e-06
1.394000e+01 2.784068e+00 -8.069070e-03 4.802533e-02 -4.041353e-06
1.394000e+01 3.580407e+00 -7.074482e-03 3.979449e-02 -5.638798e-06
1.424000e+01 2.094395e-02 -1.148411e-04 5.153044e-04 -5.135852e-05
1.424000e+01 3.183814e-02 -1.491155e-04 6.972209e-04 -4.304592e-05
1.424000e+01 4.770840e-02 -2.117939e-04 1.121696e-03 -3.686859e-05
1.424000e+01 7.025257e-02 -4.343606e-04 2.381778e-03 -4.410264e-05
1.424000e+01 9.773653e-02 -7.235199e-04 3.910830e-03 -5.041002e-05
1.424000e+01 1.368335e-01 -9.630859e-04 5.149923e-03 -3.837026e-05
1.424000e+01 1.929536e-01 -1.534167e-03 7.943663e-03 -3.762066e-05
1.424000e+01 2.695639e-01 -2.106794e-03 1.091628e-02 -3.180451e-05
1.424000e+01 3.777252e-01 -2.849002e-03 1.432328e-02 -2.581694e-05
1.424000e+01 5.288205e-01 -3.620035e-03 1.817167e-02 -2.000294e-05
1.424000e+01 7.401737e-01 -4.497213e-03 2.252974e-02 -1.501576e-05
1.424000e+01 1.036455e+00 -5.160245e-03 2.746497e-02 -1.042085e-05
1.424000e+01 1.451071e+00 -5.806821e-03 3.412460e-02 -7.091373e-06
1.424000e+01 2.031429e+00 -6.582766e-03 4.267423e-02 -4.858221e-06
1.424000e+01 2.784068e+00 -7.226190e-03 4.704688e-02 -3.619201e-06
1.424000e+01 3.580407e+00 -6.374139e-03 3.890226e-02 -5.080581e-06
1.454000e+01 2.094395e-02 -9.577300e-05 4.955854e-04 -4.283099e-05
1.454000e+01 3.183814e-02 -1.241625e-04 6.706292e-04 -3.584262e-05
1.454000e+01 4.770840e-02 -1.764287e-04 1.078291e-03 -3.071229e-05
1.454000e+01 7.025257e-02 -3.604503e-04 2.290430e-03 -3.659819e-05
1.454000e+01 9.773653e-02 -6.001454e-04 3.761300e-03 -4.181411e-05
1.454000e+01 1.368335e-01 -8.053064e-04 4.955362e-03 -3.208417e-05
1.454000e+01 1.929536e-01 -1.277011e-03 7.640636e-03 -3.131473e-05
1.454000e+01 2.695639e-01 -1.754786e-03 1.050380e-02 -2.649054e-05
1.454000e+01 3.777252e-01 -2.375773e-03 1.377947e-02 -2.152866e-05
1.454000e+01 5.288205e-01 -3.018216e-03 1.749158e-02 -1.667752e-05
1.454000e+01 7.401737e-01 -3.787826e-03 2.175473e-02 -1.264718e-05
1.454000e+01 1.036455e+00 -4.394177e-03 2.671700e-02 -8.873813e-06
1.454000e+01 1.451071e+00 -5.054012e-03 3.344593e-02 -6.172032e-06
1.454000e+01 2.031429e+00 -5.812933e-03 4.189300e-02 -4.290068e-06
1.454000e+01 2.784068e+00 -6.446153e-03 4.609143e-02 -3.228523e-06
1.454000e+01 3.580407e+00 -5.725599e-03 3.807556e-02 -4.563655e-06
1.485000e+01 2.094395e-02 -7.907910e-05 4.763371e-04 -3.536525e-05
1.485000e+01 3.183814e-02 -1.032012e-04 6.447865e-04 -2.979163e-05
1.485000e+01 4.770840e-02 -1.453278e-04 1.036121e-03 -2.529832e-05
1.485000e+01 7.025257e-02 -2.986492e-04 2.201573e-03 -3.032323e-05
1.485000e+01 9.773653e-02 -4.980824e-04 3.615151e-03 -3.470305e-05
1.485000e+01 1.368335e-01 -6.666653e-04 4.766232e-03 -2.656058e-05
1.485000e+01 1.929536e-01 -1.056330e-03 7.346076e-03 -2.590320e-05
1.485000e+01 2.695639e-01 -1.452526e-03 1.009555e-02 -2.192757e-05
1.485000e+01 3.777252e-01 -1.970375e-03 1.324818e-02 -1.785504e-05
1.485000e+01 5.288205e-01 -2.509065e-03 1.683847e-02 -1.386414e-05
1.485000e+01 7.401737e-01 -3.173264e-03 2.101701e-02 -1.059522e-05
1.485000e+01 1.036455e+00 -3.720326e-03 2.598084e-02 -7.513004e-06
1.485000e+01 1.451071e+00 -4.358432e-03 3.281152e-02 -5.322579e-06
1.485000e+01 2.031429e+00 -5.099358e-03 4.110665e-02 -3.763435e-06
1.485000e+01 2.784068e+00 -5.716558e-03 4.517392e-02 -2.863109e-06
1.485000e+01 3.580407e+00 -5.108778e-03 3.722680e-02 -4.072010e-06
1.517000e+01 2.094395e-02 -6.482011e-05 4.576564e-04 -2.898843e-05
1.517000e+01 3.183814e-02 -8.499445e-05 6.197071e-04 -2.453578e-05
1.517000e+01 4.770840e-02 -1.192833e-04 9.948901e-04 -2.076455e-05
1.517000e+01 7.025257e-02 -2.456484e-04 2.115132e-03 -2.494181e-05
1.517000e+01 9.773653e-02 -4.088856e-04 3.473866e-03 -2.848841e-05
1.517000e+01 1.368335e-01 -5.469647e-04 4.581474e-03 -2.179159e-05
1.517000e+01 1.929536e-01 -8.688026e-04 7.060086e-03 -2.130468e-05
1.517000e+01 2.695639e-01 -1.191668e-03 9.704239e-03 -1.798961e-05
1.517000e+01 3.777252e-01 -1.621754e-03 1.272982e-02 -1.469593e-05
1.517000e+01 5.288205e-01 -2.071462e-03 1.621309e-02 -1.144612e-05
1.517000e+01 7.401737e-01 -2.633160e-03 2.029012e-02 -8.791865e-06
1.517000e+01 1.036455e+00 -3.132299e-03 2.527009e-02 -6.325515e-06
1.517000e+01 1.451071e+00 -3.736935e-03 3.218568e-02 -4.563598e-06
1.517000e+01 2.031429e+00 -4.440255e-03 4.031967e-02 -3.277003e-06
1.517000e+01 2.784068e+00 -5.029089e-03 4.420849e-02 -2.518794e-06
1.517000e+01 3.580407e+00 -4.558403e-03 3.647665e-02 -3.633328e-06
1.549000e+01 2.094395e-02 -5.282595e-05 4.400222e-04 -2.362448e-05
1.549000e+01 3.183814e-02 -6.963285e-05 5.960139e-04 -2.010127e-05
1.549000e+01 4.770840e-02 -9.873357e-05 9.560059e-04 -1.718731e-05
1.549000e+01 7.025257e-02 -2.017281e-04 2.033619e-03 -2.048238e-05
1.549000e+01 9.773653e-02 -3.359908e-04 3.339619e-03 -2.340959e-05
1.549000e+01 1.368335e-01 -4.460891e-04 4.406126e-03 -1.777262e-05
1.549000e+01 1.929536e-01 -7.110313e-04 6.789997e-03 -1.743583e-05
1.549000e+01 2.695639e-01 -9.794541e-04 9.330200e-03 -1.478600e-05
1.549000e+01 3.777252e-01 -1.329819e-03 1.224296e-02 -1.205049e-05
1.549000e+01 5.288205e-01 -1.700992e-03 1.561766e-02 -9.399037e-06
1.549000e+01 7.401737e-01 -2.180476e-03 1.961481e-02 -7.280398e-06
1.549000e+01 1.036455e+00 -2.623495e-03 2.460762e-02 -5.298013e-06
1.549000e+01 1.451071e+00 -3.188429e-03 3.158192e-02 -3.893755e-06
1.549000e+01 2.031429e+00 -3.846715e-03 3.957376e-02 -2.838957e-06
1.549000e+01 2.784068e+00 -4.408512e-03 4.324990e-02 -2.207981e-06
1.549000e+01 3.580407e+00 -4.018795e-03 3.569790e-02 -3.203227e-06
1.582000e+01 2.094395e-02 -4.251608e-05 4.228797e-04 -1.901377e-05
1.582000e+01 3.183814e-02 -5.693079e-05 5.728108e-04 -1.643450e-05
1.582000e+01 4.770840e-02 -8.055282e-05 9.183193e-04 -1.402245e-05
1.582000e+01 7.025257e-02 -1.641352e-04 1.954422e-03 -1.666541e-05
1.582000e+01 9.773653e-02 -2.723829e-04 3.208790e-03 -1.897782e-05
1.582000e+01 1.368335e-01 -3.601101e-04 4.236399e-03 -1.434713e-05
1.582000e+01 1.929536e-01 -5.789634e-04 6.526517e-03 -1.419727e-05
1.582000e+01 2.695639e-01 -8.000916e-04 8.968906e-03 -1.207832e-05
1.582000e+01 3.777252e-01 -1.082938e-03 1.176758e-02 -9.813310e-06
1.582000e+01 5.288205e-01 -1.389008e-03 1.503715e-02 -7.675132e-06
1.582000e+01 7.401737e-01 -1.787985e-03 1.895948e-02 -5.969909e-06
1.582000e+01 1.036455e+00 -2.179790e-03 2.398342e-02 -4.401973e-06
1.582000e+01 1.451071e+00 -2.695627e-03 3.096711e-02 -3.291938e-06
1.582000e+01 2.031429e+00 -3.310621e-03 3.879818e-02 -2.443309e-06
1.582000e+01 2.784068e+00 -3.842412e-03 4.231509e-02 -1.924453e-06
1.582000e+01 3.580407e+00 -3.521086e-03 3.493655e-02 -2.806522e-06
1.616000e+01 2.094395e-02 -3.399014e-05 4.062674e-04 -1.520085e-05
1.616000e+01 3.183814e-02 -4.602610e-05 5.503234e-04 -1.328659e-05
1.616000e+01 4.770840e-02 -6.448351e-05 8.819143e-04 -1.122514e-05
1.616000e+01 7.025257e-02 -1.335245e-04 1.877361e-03 -1.355736e-05
1.616000e+01 9.773653e-02 -2.172873e-04 3.082029e-03 -1.513912e-05
1.616000e+01 1.368335e-01 -2.902319e-04 4.071242e-03 -1.156311e-05
1.616000e+01 1.929536e-01 -4.686998e-04 6.271707e-03 -1.149340e-05
1.616000e+01 2.695639e-01 -6.457513e-04 8.618190e-03 -9.748369e-06
1.616000e+01 3.777252e-01 -8.743595e-04 1.130732e-02 -7.923226e-06
1.616000e+01 5.288205e-01 -1.122369e-03 1.448247e-02 -6.201787e-06
1.616000e+01 7.401737e-01 -1.451483e-03 1.832768e-02 -4.846360e-06
1.616000e+01 1.036455e+00 -1.798474e-03 2.339115e-02 -3.631925e-06
1.616000e+01 1.451071e+00 -2.261287e-03 3.036597e-02 -2.761516e-06
1.616000e+01 2.031429e+00 -2.828355e-03 3.800802e-02 -2.087386e-06
1.616000e+01 2.784068e+00 -3.316184e-03 4.138954e-02 -1.660894e-06
1.616000e+01 3.580407e+00 -3.062936e-03 3.420391e-02 -2.441349e-06
1.650000e+01 2.094395e-02 -2.755247e-05 3.907024e-04 -1.232184e-05
1.650000e+01 3.183814e-02 -3.722534e-05 5.292257e-04 -1.074603e-05
1.650000e+01 4.770840e-02 -5.197310e-05 8.478743e-04 -9.047355e-06
1.650000e+01 7.025257e-02 -1.065203e-04 1.804883e-03 -1.081549e-05
1.650000e+01 9.773653e-02 -1.740190e-04 2.962936e-03 -1.212448e-05
1.650000e+01 1.368335e-01 -2.348148e-04 3.916220e-03 -9.355247e-06
1.650000e+01 1.929536e-01 -3.759718e-04 6.030965e-03 -9.219537e-06
1.650000e+01 2.695639e-01 -5.215425e-04 8.289821e-03 -7.873293e-06
1.650000e+01 3.777252e-01 -7.055831e-04 1.087392e-02 -6.393817e-06
1.650000e+01 5.288205e-01 -9.097747e-04 1.395716e-02 -5.027070e-06
1.650000e+01 7.401737e-01 -1.177162e-03 1.774153e-02 -3.930429e-06
1.650000e+01 1.036455e+00 -1.479606e-03 2.283678e-02 -2.987988e-06
1.650000e+01 1.451071e+00 -1.895199e-03 2.981318e-02 -2.314444e-06
1.650000e+01 2.031429e+00 -2.394892e-03 3.723509e-02 -1.767481e-06
1.650000e+01 2.784068e+00 -2.838683e-03 4.050271e-02 -1.421740e-06
1.650000e+01 3.580407e+00 -2.632291e-03 3.348530e-02 -2.098098e-06
1.685000e+01 2.094395e-02 -2.200967e-05 3.755382e-04 -9.843023e-06
1.685000e+01 3.183814e-02 -2.976940e-05 5.086874e-04 -8.593685e-06
1.685000e+01 4.770840e-02 -4.187155e-05 8.147628e-04 -7.288902e-06
1.685000e+01 7.025257e-02 -8.493845e-05 1.734458e-03 -8.624193e-06
1.685000e+01 9.773653e-02 -1.392413e-04 2.847197e-03 -9.701402e-06
1.685000e+01 1.368335e-01 -1.888377e-04 3.764838e-03 -7.523474e-06
1.685000e+01 1.929536e-01 -3.001266e-04 5.795910e-03 -7.359669e-06
1.685000e+01 2.695639e-01 -4.179996e-04 7.969065e-03 -6.310192e-06
1.685000e+01 3.777252e-01 -5.662105e-04 1.045537e-02 -5.130857e-06
1.685000e+01 5.288205e-01 -7.315502e-04 1.346151e-02 -4.042269e-06
1.685000e+01 7.401737e-01 -9.477928e-04 1.718157e-02 -3.164588e-06
1.685000e+01 1.036455e+00 -1.208656e-03 2.231211e-02 -2.440818e-06
1.685000e+01 1.451071e+00 -1.572777e-03 2.925473e-02 -1.920697e-06
1.685000e+01 2.031429e+00 -2.022304e-03 3.648739e-02 -1.492503e-06
1.685000e+01 2.784068e+00 -2.410054e-03 3.963594e-02 -1.207064e-06
1.685000e+01 3.580407e+00 -2.250742e-03 3.286101e-02 -1.793980e-06
1.721000e+01 2.094395e-02 -1.750327e-05 3.608450e-04 -7.827702e-06
1.721000e+01 3.183814e-02 -2.357041e-05 4.888266e-04 -6.804191e-06
1.721000e+01 4.770840e-02 -3.343153e-05 7.826474e-04 -5.819682e-06
1.721000e+01 7.025257e-02 -6.736642e-05 1.666391e-03 -6.840023e-06
1.721000e+01 9.773653e-02 -1.112286e-04 2.733964e-03 -7.749667e-06
1.721000e+01 1.368335e-01 -1.507624e-04 3.616886e-03 -6.006518e-06
1.721000e+01 1.929536e-01 -2.404402e-04 5.567695e-03 -5.896047e-06
1.721000e+01 2.695639e-01 -3.322991e-04 7.660505e-03 -5.016443e-06
1.721000e+01 3.777252e-01 -4.506718e-04 1.005066e-02 -4.083875e-06
1.721000e+01 5.288205e-01 -5.845171e-04 1.298225e-02 -3.229820e-06
1.721000e+01 7.401737e-01 -7.625613e-04 1.665195e-02 -2.546118e-06
1.721000e+01 1.036455e+00 -9.797509e-04 2.179737e-02 -1.978556e-06
1.721000e+01 1.451071e+00 -1.299218e-03 2.871148e-02 -1.586624e-06
1.721000e+01 2.031429e+00 -1.690067e-03 3.574544e-02 -1.247305e-06
1.721000e+01 2.784068e+00 -2.039353e-03 3.878998e-02 -1.021400e-06
1.721000e+01 3.580407e+00 -1.919601e-03 3.215435e-02 -1.530040e-06
1.757000e+01 2.094395e-02 -1.398862e-05 3.470294e-04 -6.255903e-06
1.757000e+01 3.183814e-02 -1.850592e-05 4.700835e-04 -5.342199e-06
1.757000e+01 4.770840e-02 -2.641415e-05 7.526014e-04 -4.598114e-06
1.757000e+01 7.025257e-02 -5.396167e-05 1.602011e-03 -5.478977e-06
1.757000e+01 9.773653e-02 -8.834903e-05 2.628324e-03 -6.155569e-06
1.757000e+01 1.368335e-01 -1.207343e-04 3.476754e-03 -4.810171e-06
1.757000e+01 1.929536e-01 -1.917244e-04 5.353325e-03 -4.701443e-06
1.757000e+01 2.695639e-01 -2.665264e-04 7.367200e-03 -4.023527e-06
1.757000e+01 3.777252e-01 -3.588127e-04 9.671698e-03 -3.251471e-06
1.757000e+01 5.288205e-01 -4.657948e-04 1.253329e-02 -2.573805e-06
1.757000e+01 7.401737e-01 -6.120766e-04 1.615351e-02 -2.043664e-06
1.757000e+01 1.036455e+00 -7.959115e-04 2.132385e-02 -1.607302e-06
1.757000e+01 1.451071e+00 -1.066956e-03 2.819979e-02 -1.302982e-06
1.757000e+01 2.031429e+00 -1.411460e-03 3.500827e-02 -1.041688e-06
1.757000e+01 2.784068e+00 -1.723431e-03 3.800674e-02 -8.631719e-07
1.757000e+01 3.580407e+00 -1.624045e-03 3.150729e-02 -1.294464e-06
1.794000e+01 2.094395e-02 -1.080819e-05 3.335808e-04 -4.833571e-06
1.794000e+01 3.183814e-02 -1.416890e-05 4.518456e-04 -4.090209e-06
1.794000e+01 4.770840e-02 -2.070139e-05 7.233518e-04 -3.603650e-06
1.794000e+01 7.025257e-02 -4.270048e-05 1.539777e-03 -4.335577e-06
1.794000e+01 9.773653e-02 -6.960209e-05 2.525228e-03 -4.849408e-06
1.794000e+01 1.368335e-01 -9.438957e-05 3.340596e-03 -3.760571e-06
1.794000e+01 1.929536e-01 -1.506750e-04 5.142845e-03 -3.694835e-06
1.794000e+01 2.695639e-01 -2.082915e-04 7.083047e-03 -3.144403e-06
1.794000e+01 3.777252e-01 -2.825547e-04 9.307017e-03 -2.560439e-06
1.794000e+01 5.288205e-01 -3.665976e-04 1.209682e-02 -2.025680e-06
1.794000e+01 7.401737e-01 -4.830062e-04 1.568062e-02 -1.612711e-06
1.794000e+01 1.036455e+00 -6.391133e-04 2.086650e-02 -1.290656e-06
1.794000e+01 1.451071e+00 -8.668066e-04 2.766682e-02 -1.058557e-06
1.794000e+01 2.031429e+00 -1.166505e-03 3.429594e-02 -8.609055e-07
1.794000e+01 2.784068e+00 -1.432251e-03 3.721128e-02 -7.173358e-07
1.794000e+01 3.580407e+00 -1.356124e-03 3.096981e-02 -1.080914e-06
1.832000e+01 2.094395e-02 -8.416998e-06 3.205995e-04 -3.764196e-06
1.832000e+01 3.183814e-02 -1.095011e-05 4.342569e-04 -3.161025e-06
1.832000e+01 4.770840e-02 -1.622161e-05 6.949965e-04 -2.823820e-06
1.832000e+01 7.025257e-02 -3.310682e-05 1.479417e-03 -3.361488e-06
1.832000e+01 9.773653e-02 -5.366574e-05 2.426328e-03 -3.739069e-06
1.832000e+01 1.368335e-01 -7.373806e-05 3.208759e-03 -2.937795e-06
1.832000e+01 1.929536e-01 -1.170115e-04 4.940001e-03 -2.869343e-06
1.832000e+01 2.695639e-01 -1.621342e-04 6.807902e-03 -2.447606e-06
1.832000e+01 3.777252e-01 -2.194925e-04 8.957304e-03 -1.988986e-06
1.832000e+01 5.288205e-01 -2.869447e-04 1.168204e-02 -1.585548e-06
1.832000e+01 7.401737e-01 -3.797116e-04 1.523238e-02 -1.267820e-06
1.832000e+01 1.036455e+00 -5.058861e-04 2.042310e-02 -1.021611e-06
1.832000e+01 1.451071e+00 -6.962914e-04 2.714852e-02 -8.503210e-07
1.832000e+01 2.031429e+00 -9.531424e-04 3.357958e-02 -7.034393e-07
1.832000e+01 2.784068e+00 -1.176132e-03 3.644765e-02 -5.890599e-07
1.832000e+01 3.580407e+00 -1.112557e-03 3.035924e-02 -8.867768e-07
1.871000e+01 2.094395e-02 -6.558032e-06 3.080216e-04 -2.932841e-06
1.871000e+01 3.183814e-02 -8.424996e-06 4.172395e-04 -2.432087e-06
1.871000e+01 4.770840e-02 -1.260558e-05 6.675392e-04 -2.194351e-06
1.871000e+01 7.025257e-02 -2.595124e-05 1.421197e-03 -2.634949e-06
1.871000e+01 9.773653e-02 -4.180724e-05 2.330234e-03 -2.912848e-06
1.871000e+01 1.368335e-01 -5.652114e-05 3.081337e-03 -2.251856e-06
1.871000e+01 1.929536e-01 -9.010764e-05 4.745440e-03 -2.209609e-06
1.871000e+01 2.695639e-01 -1.260582e-04 6.545533e-03 -1.902995e-06
1.871000e+01 3.777252e-01 -1.702232e-04 8.618639e-03 -1.542520e-06
1.871000e+01 5.288205e-01 -2.236367e-04 1.127647e-02 -1.235732e-06
1.871000e+01 7.401737e-01 -2.972837e-04 1.479560e-02 -9.926012e-07
1.871000e+01 1.036455e+00 -4.001428e-04 1.999638e-02 -8.080676e-07
1.871000e+01 1.451071e+00 -5.587235e-04 2.662048e-02 -6.823211e-07
1.871000e+01 2.031429e+00 -7.740993e-04 3.287107e-02 -5.713018e-07
1.871000e+01 2.784068e+00 -9.536084e-04 3.565854e-02 -4.776100e-07
1.871000e+01 3.580407e+00 -9.110594e-04 2.980207e-02 -7.261704e-07
1.910000e+01 2.094395e-02 -9.258446e-09 2.962138e-04 -4.140503e-09
1.910000e+01 3.183814e-02 -1.078927e-08 4.012635e-04 -3.114593e-09
1.910000e+01 4.770840e-02 -1.384623e-08 6.417915e-04 -2.410320e-09
1.910000e+01 7.025257e-02 -2.067558e-08 1.366601e-03 -2.099287e-09
1.910000e+01 9.773653e-02 -2.738282e-08 2.240067e-03 -1.907851e-09
1.910000e+01 1.368335e-01 -2.489832e-08 2.962104e-03 -9.919730e-10
1.910000e+01 1.929536e-01 -1.727405e-08 4.562228e-03 -4.235924e-10
1.910000e+01 2.695639e-01 2.251261e-09 6.295244e-03 3.398542e-11
1.910000e+01 3.777252e-01 3.212378e-08 8.304530e-03 2.910976e-10
1.910000e+01 5.288205e-01 6.734529e-08 1.089574e-02 3.721246e-10
1.910000e+01 7.401737e-01 9.175190e-08 1.439184e-02 3.063507e-10
1.910000e+01 1.036455e+00 9.283488e-08 1.958810e-02 1.874752e-10
1.910000e+01 1.451071e+00 6.231221e-08 2.613424e-02 7.609656e-11
1.910000e+01 2.031429e+00 2.841587e-08 3.217448e-02 2.097151e-11
1.910000e+01 2.784068e+00 1.071135e-08 3.492443e-02 5.364727e-12
1.910000e+01 3.580407e+00 3.095198e-09 2.924828e-02 2.467063e-12
1.951000e+01 2.094395e-02 -6.162514e-09 2.844825e-04 -2.755960e-09
1.951000e+01 3.183814e-02 -7.003357e-09 3.854115e-04 -2.021695e-09
1.951000e+01 4.770840e-02 -8.606751e-09 6.162705e-04 -1.498243e-09
1.951000e+01 7.025257e-02 -1.161036e-08 1.312306e-03 -1.178854e-09
1.951000e+01 9.773653e-02 -1.455417e-08 2.151018e-03 -1.014037e-09
1.951000e+01 1.368335e-01 -1.118281e-08 2.843369e-03 -4.455337e-10
1.951000e+01 1.929536e-01 -1.389061e-09 4.380676e-03 -3.406240e-11
1.951000e+01 2.695639e-01 1.716707e-08 6.051843e-03 2.591570e-10
1.951000e+01 3.777252e-01 4.384940e-08 7.991889e-03 3.973522e-10
1.951000e+01 5.288205e-01 7.468813e-08 1.052729e-02 4.126983e-10
1.951000e+01 7.401737e-01 9.475115e-08 1.398865e-02 3.163649e-10
1.951000e+01 1.036455e+00 9.303760e-08 1.918860e-02 1.878846e-10
1.951000e+01 1.451071e+00 6.291132e-08 2.560594e-02 7.682820e-11
1.951000e+01 2.031429e+00 2.875758e-08 3.145376e-02 2.122370e-11
1.951000e+01 2.784068e+00 1.050971e-08 3.418639e-02 5.263734e-12
1.951000e+01 3.580407e+00 2.854908e-09 2.878762e-02 2.275537e-12
1.992000e+01 2.094395e-02 -3.668891e-09 2.734248e-04 -1.640778e-09
1.992000e+01 3.183814e-02 -4.080224e-09 3.704488e-04 -1.177859e-09
1.992000e+01 4.770840e-02 -4.573694e-09 5.921713e-04 -7.961779e-10
1.992000e+01 7.025257e-02 -4.668753e-09 1.261308e-03 -4.740401e-10
1.992000e+01 9.773653e-02 -4.656505e-09 2.067223e-03 -3.244341e-10
1.992000e+01 1.368335e-01 -6.611507e-10 2.731920e-03 -2.634088e-11
1.992000e+01 1.929536e-01 1.085689e-08 4.210650e-03 2.662315e-10
1.992000e+01 2.695639e-01 2.868465e-08 5.822236e-03 4.330282e-10
1.992000e+01 3.777252e-01 5.263149e-08 7.698293e-03 4.769333e-10
1.992000e+01 5.288205e-01 7.971562e-08 1.018062e-02 4.404783e-10
1.992000e+01 7.401737e-01 9.621135e-08 1.362773e-02 3.212403e-10
1.992000e+01 1.036455e+00 9.245092e-08 1.880973e-02 1.866998e-10
1.992000e+01 1.451071e+00 6.277294e-08 2.509669e-02 7.665921e-11
1.992000e+01 2.031429e+00 2.840086e-08 3.075921e-02 2.096044e-11
1.992000e+01 2.784068e+00 1.031591e-08 3.348041e-02 5.166669e-12
1.992000e+01 3.580407e+00 2.822250e-09 2.831629e-02 2.249507e-12
2.034000e+01 2.094395e-02 -1.898018e-09 2.627830e-04 -8.488194e-10
2.034000e+01 3.183814e-02 -1.874135e-09 3.560230e-04 -5.410163e-10
2.034000e+01 4.770840e-02 -1.541788e-09 5.688936e-04 -2.683909e-10
2.034000e+01 7.025257e-02 4.868372e-10 1.212438e-03 4.943083e-11
2.034000e+01 9.773653e-02 2.747443e-09 1.987236e-03 1.914234e-10
2.034000e+01 1.368335e-01 7.359225e-09 2.624996e-03 2.931985e-10
2.034000e+01 1.929536e-01 2.009749e-08 4.045334e-03 4.928283e-10
2.034000e+01 2.695639e-01 3.720708e-08 5.600065e-03 5.616842e-10
2.034000e+01 3.777252e-01 5.889886e-08 7.416382e-03 5.337267e-10
2.034000e+01 5.288205e-01 8.262697e-08 9.846971e-03 4.565653e-10
2.034000e+01 7.401737e-01 9.625132e-08 1.328152e-02 3.213738e-10
2.034000e+01 1.036455e+00 9.110839e-08 1.845093e-02 1.839887e-10
2.034000e+01 1.451071e+00 6.226762e-08 2.460581e-02 7.604211e-11
2.034000e+01 2.031429e+00 2.757774e-08 3.008520e-02 2.035296e-11
2.034000e+01 2.784068e+00 9.744834e-09 3.285044e-02 4.880651e-12
2.034000e+01 3.580407e+00 2.809144e-09 2.789300e-02 2.239061e-12
2.076000e+01 2.094395e-02 -5.685594e-10 2.528038e-04 -2.542675e-10
2.076000e+01 3.183814e-02 -2.493875e-10 3.424065e-04 -7.199196e-11
2.076000e+01 4.770840e-02 6.815774e-10 5.471962e-04 1.186474e-10
2.076000e+01 7.025257e-02 4.243074e-09 1.166438e-03 4.308189e-10
2.076000e+01 9.773653e-02 8.208664e-09 1.911977e-03 5.719247e-10
2.076000e+01 1.368335e-01 1.319060e-08 2.524637e-03 5.255259e-10
2.076000e+01 1.929536e-01 2.672311e-08 3.891770e-03 6.553012e-10
2.076000e+01 2.695639e-01 4.323169e-08 5.392269e-03 6.526328e-10
2.076000e+01 3.777252e-01 6.299172e-08 7.152668e-03 5.708152e-10
2.076000e+01 5.288205e-01 8.403534e-08 9.536746e-03 4.643474e-10
2.076000e+01 7.401737e-01 9.518980e-08 1.296103e-02 3.178295e-10
2.076000e+01 1.036455e+00 8.889125e-08 1.811114e-02 1.795113e-10
2.076000e+01 1.451071e+00 6.108247e-08 2.412109e-02 7.459478e-11
2.076000e+01 2.031429e+00 2.645569e-08 2.947913e-02 1.952486e-11
2.076000e+01 2.784068e+00 8.812777e-09 3.222129e-02 4.413835e-12
2.076000e+01 3.580407e+00 2.380444e-09 2.750440e-02 1.897360e-12
2.120000e+01 2.094395e-02 4.272641e-10 2.429818e-04 1.910783e-10
2.120000e+01 3.183814e-02 9.167689e-10 3.290260e-04 2.646484e-10
2.120000e+01 4.770840e-02 2.240720e-09 5.257251e-04 3.900592e-10
2.120000e+01 7.025257e-02 6.866240e-09 1.120926e-03 6.971611e-10
2.120000e+01 9.773653e-02 1.199369e-08 1.838072e-03 8.356399e-10
2.120000e+01 1.368335e-01 1.722903e-08 2.425088e-03 6.864209e-10
2.120000e+01 1.929536e-01 3.117947e-08 3.740887e-03 7.645794e-10
2.120000e+01 2.695639e-01 4.701754e-08 5.185113e-03 7.097846e-10
2.120000e+01 3.777252e-01 6.529456e-08 6.892755e-03 5.916829e-10
2.120000e+01 5.288205e-01 8.394368e-08 9.234776e-03 4.638410e-10
2.120000e+01 7.401737e-01 9.316950e-08 1.264496e-02 3.110839e-10
2.120000e+01 1.036455e+00 8.609224e-08 1.776693e-02 1.738588e-10
2.120000e+01 1.451071e+00 5.955925e-08 2.363723e-02 7.273460e-11
2.120000e+01 2.031429e+00 2.512595e-08 2.887510e-02 1.854349e-11
2.120000e+01 2.784068e+00 7.236020e-09 3.162691e-02 3.624124e-12
2.120000e+01 3.580407e+00 1.954448e-09 2.716415e-02 1.557816e-12
2.164000e+01 2.094395e-02 1.142040e-09 2.337185e-04 5.107360e-10
2.164000e+01 3.183814e-02 1.720084e-09 3.163845e-04 4.965456e-10
2.164000e+01 4.770840e-02 3.332298e-09 5.056067e-04 5.800786e-10
2.164000e+01 7.025257e-02 8.570956e-09 1.078116e-03 8.702488e-10
2.164000e+01 9.773653e-02 1.448389e-08 1.768269e-03 1.009140e-09
2.164000e+01 1.368335e-01 1.990564e-08 2.331770e-03 7.930598e-10
2.164000e+01 1.929536e-01 3.396679e-08 3.598900e-03 8.329297e-10
2.164000e+01 2.695639e-01 4.923600e-08 4.991059e-03 7.432748e-10
2.164000e+01 3.777252e-01 6.606356e-08 6.649763e-03 5.986514e-10
2.164000e+01 5.288205e-01 8.270141e-08 8.948509e-03 4.569766e-10
2.164000e+01 7.401737e-01 9.034238e-08 1.235250e-02 3.016444e-10
2.164000e+01 1.036455e+00 8.267090e-08 1.743761e-02 1.669496e-10
2.164000e+01 1.451071e+00 5.791168e-08 2.316234e-02 7.072256e-11
2.164000e+01 2.031429e+00 2.398108e-08 2.825431e-02 1.769854e-11
2.164000e+01 2.784068e+00 4.538013e-09 3.106953e-02 2.272841e-12
2.164000e+01 3.580407e+00 8.462482e-10 2.684731e-02 6.745118e-13
2.209000e+01 2.094395e-02 1.637126e-09 2.247490e-04 7.321449e-10
2.209000e+01 3.183814e-02 2.253346e-09 3.041440e-04 6.504850e-10
2.209000e+01 4.770840e-02 4.026893e-09 4.861876e-04 7.009921e-10
2.209000e+01 7.025257e-02 9.617309e-09 1.036465e-03 9.764898e-10
2.209000e+01 9.773653e-02 1.603433e-08 1.701086e-03 1.117165e-09
2.209000e+01 1.368335e-01 2.157307e-08 2.242026e-03 8.594915e-10
2.209000e+01 1.929536e-01 3.535470e-08 3.461792e-03 8.669639e-10
2.209000e+01 2.695639e-01 5.009847e-08 4.804432e-03 7.562949e-10
2.209000e+01 3.777252e-01 6.562734e-08 6.415884e-03 5.946985e-10
2.209000e+01 5.288205e-01 8.063461e-08 8.683348e-03 4.455563e-10
2.209000e+01 7.401737e-01 8.701245e-08 1.207444e-02 2.905261e-10
2.209000e+01 1.036455e+00 7.894636e-08 1.712704e-02 1.594281e-10
2.209000e+01 1.451071e+00 5.574999e-08 2.269327e-02 6.808268e-11
2.209000e+01 2.031429e+00 2.278211e-08 2.763430e-02 1.681368e-11
2.209000e+01 2.784068e+00 1.642616e-09 3.050693e-02 8.226961e-13
2.209000e+01 3.580407e+00 -2.376403e-10 2.646527e-02 -1.894140e-13
2.256000e+01 2.094395e-02 1.881645e-09 2.159666e-04 8.414974e-10
2.256000e+01 3.183814e-02 2.574593e-09 2.921750e-04 7.432210e-10
2.256000e+01 4.770840e-02 4.431766e-09 4.672302e-04 7.714714e-10
2.256000e+01 7.025257e-02 1.015826e-08 9.956148e-04 1.031415e-09
2.256000e+01 9.773653e-02 1.676973e-08 1.635355e-03 1.168402e-09
2.256000e+01 1.368335e-01 2.223499e-08 2.154225e-03 8.858630e-10
2.256000e+01 1.929536e-01 3.580741e-08 3.327219e-03 8.780653e-10
2.256000e+01 2.695639e-01 4.987312e-08 4.621404e-03 7.528929e-10
2.256000e+01 3.777252e-01 6.429087e-08 6.189016e-03 5.825877e-10
2.256000e+01 5.288205e-01 7.787928e-08 8.420890e-03 4.303314e-10
2.256000e+01 7.401737e-01 8.314018e-08 1.180309e-02 2.775970e-10
2.256000e+01 1.036455e+00 7.483673e-08 1.679418e-02 1.511289e-10
2.256000e+01 1.451071e+00 5.323054e-08 2.221046e-02 6.500589e-11
2.256000e+01 2.031429e+00 2.134779e-08 2.703412e-02 1.575512e-11
2.256000e+01 2.784068e+00 -1.045170e-09 2.996115e-02 -5.234682e-13
2.256000e+01 3.580407e+00 -1.442950e-09 2.616988e-02 -1.150120e-12
2.303000e+01 2.094395e-02 2.121413e-09 2.076714e-04 9.487247e-10
2.303000e+01 3.183814e-02 2.742496e-09 2.808958e-04 7.916904e-10
2.303000e+01 4.770840e-02 4.621087e-09 4.492705e-04 8.044280e-10
2.303000e+01 7.025257e-02 1.033504e-08 9.568471e-04 1.049364e-09
2.303000e+01 9.773653e-02 1.699237e-08 1.573600e-03 1.183915e-09
2.303000e+01 1.368335e-01 2.236704e-08 2.071168e-03 8.911243e-10
2.303000e+01 1.929536e-01 3.544218e-08 3.200593e-03 8.691091e-10
2.303000e+01 2.695639e-01 4.883064e-08 4.450733e-03 7.371554e-10
2.303000e+01 3.777252e-01 6.232260e-08 5.977857e-03 5.647518e-10
2.303000e+01 5.288205e-01 7.461716e-08 8.186012e-03 4.123062e-10
2.303000e+01 7.401737e-01 7.899951e-08 1.155011e-02 2.637717e-10
2.303000e+01 1.036455e+00 7.046073e-08 1.647600e-02 1.422918e-10
2.303000e+01 1.451071e+00 5.029972e-08 2.175410e-02 6.142674e-11
2.303000e+01 2.031429e+00 2.043609e-08 2.646886e-02 1.508227e-11
2.303000e+01 2.784068e+00 -1.999985e-09 2.943389e-02 -1.001682e-12
2.303000e+01 3.580407e+00 -1.841040e-09 2.589922e-02 -1.467422e-12
2.351000e+01 2.094395e-02 1.983719e-09 1.996998e-04 8.871459e-10
2.351000e+01 3.183814e-02 2.798857e-09 2.700674e-04 8.079604e-10
2.351000e+01 4.770840e-02 4.656403e-09 4.319270e-04 8.105757e-10
2.351000e+01 7.025257e-02 1.024159e-08 9.196423e-04 1.039876e-09
2.351000e+01 9.773653e-02 1.686353e-08 1.513483e-03 1.174938e-09
2.351000e+01 1.368335e-01 2.201273e-08 1.990600e-03 8.770083e-10
2.351000e+01 1.929536e-01 3.457291e-08 3.078443e-03 8.477930e-10
2.351000e+01 2.695639e-01 4.722117e-08 4.289837e-03 7.128586e-10
2.351000e+01 3.777252e-01 5.984872e-08 5.775850e-03 5.423340e-10
2.351000e+01 5.288205e-01 7.104454e-08 7.961340e-03 3.925652e-10
2.351000e+01 7.401737e-01 7.457674e-08 1.130156e-02 2.490045e-10
2.351000e+01 1.036455e+00 6.593336e-08 1.615495e-02 1.331490e-10
2.351000e+01 1.451071e+00 4.683806e-08 2.129951e-02 5.719931e-11
2.351000e+01 2.031429e+00 2.046017e-08 2.592958e-02 1.510004e-11
2.351000e+01 2.784068e+00 -3.338005e-10 2.895523e-02 -1.671823e-13
2.351000e+01 3.580407e+00 -1.254240e-09 2.568382e-02 -9.997061e-13
2.400000e+01 2.094395e-02 2.076320e-09 1.920326e-04 9.285586e-10
2.400000e+01 3.183814e-02 2.778379e-09 2.596674e-04 8.020489e-10
2.400000e+01 4.770840e-02 4.588048e-09 4.153420e-04 7.986767e-10
2.400000e+01 7.025257e-02 9.960421e-09 8.837561e-04 1.011328e-09
2.400000e+01 9.773653e-02 1.634132e-08 1.455709e-03 1.138554e-09
2.400000e+01 1.368335e-01 2.138942e-08 1.914056e-03 8.521750e-10
2.400000e+01 1.929536e-01 3.322498e-08 2.961522e-03 8.147391e-10
2.400000e+01 2.695639e-01 4.530022e-08 4.134694e-03 6.838597e-10
2.400000e+01 3.777252e-01 5.697000e-08 5.585029e-03 5.162478e-10
2.400000e+01 5.288205e-01 6.725670e-08 7.746689e-03 3.716350e-10
2.400000e+01 7.401737e-01 7.014711e-08 1.107299e-02 2.342144e-10
2.400000e+01 1.036455e+00 6.131655e-08 1.583128e-02 1.238256e-10
2.400000e+01 1.451071e+00 4.323451e-08 2.085061e-02 5.279860e-11
2.400000e+01 2.031429e+00 2.004812e-08 2.540616e-02 1.479594e-11
2.400000e+01 2.784068e+00 1.633124e-09 2.848849e-02 8.179417e-13
2.400000e+01 3.580407e+00 -7.771513e-10 2.546531e-02 -6.194374e-13
2.450000e+01 2.094395e-02 1.870476e-09 1.846455e-04 8.365025e-10
2.450000e+01 3.183814e-02 2.701173e-09 2.496999e-04 7.797616e-10
2.450000e+01 4.770840e-02 4.431917e-09 3.992957e-04 7.714978e-10
2.450000e+01 7.025257e-02 9.545636e-09 8.495096e-04 9.692125e-10
2.450000e+01 9.773653e-02 1.566167e-08 1.400264e-03 1.091200e-09
2.450000e+01 1.368335e-01 2.045064e-08 1.840556e-03 8.147731e-10
2.450000e+01 1.929536e-01 3.163497e-08 2.849792e-03 7.757491e-10
2.450000e+01 2.695639e-01 4.296488e-08 3.985834e-03 6.486050e-10
2.450000e+01 3.777252e-01 5.388995e-08 5.401923e-03 4.883372e-10
2.450000e+01 5.288205e-01 6.337881e-08 7.546013e-03 3.502073e-10
2.450000e+01 7.401737e-01 6.563002e-08 1.085729e-02 2.191322e-10
2.450000e+01 1.036455e+00 5.673070e-08 1.550595e-02 1.145647e-10
2.450000e+01 1.451071e+00 3.957468e-08 2.042570e-02 4.832917e-11
2.450000e+01 2.031429e+00 1.940271e-08 2.489770e-02 1.431961e-11
2.450000e+01 2.784068e+00 3.586691e-09 2.804805e-02 1.796376e-12
2.450000e+01 3.580407e+00 -3.028494e-10 2.525141e-02 -2.413896e-13
2.501000e+01 2.094395e-02 1.819433e-09 1.775465e-04 8.136750e-10
2.501000e+01 3.183814e-02 2.585968e-09 2.400718e-04 7.465048e-10
2.501000e+01 4.770840e-02 4.225090e-09 3.837511e-04 7.354937e-10
2.501000e+01 7.025257e-02 9.052500e-09 8.164758e-04 9.191421e-10
2.501000e+01 9.773653e-02 1.486901e-08 1.346927e-03 1.035973e-09
2.501000e+01 1.368335e-01 1.937263e-08 1.770295e-03 7.718242e-10
2.501000e+01 1.929536e-01 2.989061e-08 2.742819e-03 7.329741e-10
2.501000e+01 2.695639e-01 4.045987e-08 3.844876e-03 6.107889e-10
2.501000e+01 3.777252e-01 5.064499e-08 5.228814e-03 4.589322e-10
2.501000e+01 5.288205e-01 5.927605e-08 7.356492e-03 3.275370e-10
2.501000e+01 7.401737e-01 6.114250e-08 1.064399e-02 2.041489e-10
2.501000e+01 1.036455e+00 5.231516e-08 1.520425e-02 1.056478e-10
2.501000e+01 1.451071e+00 3.595969e-08 2.000494e-02 4.391448e-11
2.501000e+01 2.031429e+00 1.875049e-08 2.439133e-02 1.383826e-11
2.501000e+01 2.784068e+00 5.322060e-09 2.762128e-02 2.665527e-12
2.501000e+01 3.580407e+00 -9.063408e-11 2.504095e-02 -7.224094e-14
2.553000e+01 2.094395e-02 1.747427e-09 1.707064e-04 7.814732e-10
2.553000e+01 3.183814e-02 2.446243e-09 2.308235e-04 7.061694e-10
2.553000e+01 4.770840e-02 3.988587e-09 3.687085e-04 6.943239e-10
2.553000e+01 7.025257e-02 8.510403e-09 7.846227e-04 8.641005e-10
2.553000e+01 9.773653e-02 1.399829e-08 1.295323e-03 9.753073e-10
2.553000e+01 1.368335e-01 1.817978e-08 1.702139e-03 7.243000e-10
2.553000e+01 1.929536e-01 2.799841e-08 2.640027e-03 6.865739e-10
2.553000e+01 2.695639e-01 3.784689e-08 3.707530e-03 5.713430e-10
2.553000e+01 3.777252e-01 4.727746e-08 5.063300e-03 4.284165e-10
2.553000e+01 5.288205e-01 5.522761e-08 7.178508e-03 3.051668e-10
2.553000e+01 7.401737e-01 5.666080e-08 1.043622e-02 1.891849e-10
2.553000e+01 1.036455e+00 4.794745e-08 1.491361e-02 9.682738e-11
2.553000e+01 1.451071e+00 3.239385e-08 1.956994e-02 3.955983e-11
2.553000e+01 2.031429e+00 1.813100e-08 2.392037e-02 1.338107e-11
2.553000e+01 2.784068e+00 6.748264e-09 2.718677e-02 3.379834e-12
2.553000e+01 3.580407e+00 7.599127e-11 2.486756e-02 6.056972e-14
2.606000e+01 2.094395e-02 1.609848e-09 1.641110e-04 7.199458e-10
2.606000e+01 3.183814e-02 2.291252e-09 2.218627e-04 6.614276e-10
2.606000e+01 4.770840e-02 3.729617e-09 3.541649e-04 6.492431e-10
2.606000e+01 7.025257e-02 7.939361e-09 7.542923e-04 8.061200e-10
2.606000e+01 9.773653e-02 1.303052e-08 1.245379e-03 9.078791e-10
2.606000e+01 1.368335e-01 1.695686e-08 1.636626e-03 6.755773e-10
2.606000e+01 1.929536e-01 2.603079e-08 2.541757e-03 6.383242e-10
2.606000e+01 2.695639e-01 3.519192e-08 3.577093e-03 5.312632e-10
2.606000e+01 3.777252e-01 4.388235e-08 4.905925e-03 3.976509e-10
2.606000e+01 5.288205e-01 5.118339e-08 7.006674e-03 2.828200e-10
2.606000e+01 7.401737e-01 5.231754e-08 1.024290e-02 1.746832e-10
2.606000e+01 1.036455e+00 4.378009e-08 1.460593e-02 8.841161e-11
2.606000e+01 1.451071e+00 2.915847e-08 1.914438e-02 3.560874e-11
2.606000e+01 2.031429e+00 1.741200e-08 2.346319e-02 1.285043e-11
2.606000e+01 2.784068e+00 7.912871e-09 2.680511e-02 3.963121e-12
2.606000e+01 3.580407e+00 5.200843e-10 2.474878e-02 4.145392e-13
2.660000e+01 2.094395e-02 1.576458e-09 1.577763e-04 7.050134e-10
2.660000e+01 3.183814e-02 2.128636e-09 2.132322e-04 6.144843e-10
2.660000e+01 4.770840e-02 3.461713e-09 3.401628e-04 6.026069e-10
2.660000e+01 7.025257e-02 7.344652e-09 7.249528e-04 7.457364e-10
2.660000e+01 9.773653e-02 1.201416e-08 1.197678e-03 8.370664e-10
2.660000e+01 1.368335e-01 1.567728e-08 1.572985e-03 6.245978e-10
2.660000e+01 1.929536e-01 2.407552e-08 2.448104e-03 5.903772e-10
2.660000e+01 2.695639e-01 3.253050e-08 3.450300e-03 4.910858e-10
2.660000e+01 3.777252e-01 4.047942e-08 4.756988e-03 3.668143e-10
2.660000e+01 5.288205e-01 4.710198e-08 6.842473e-03 2.602677e-10
2.660000e+01 7.401737e-01 4.803088e-08 1.004880e-02 1.603704e-10
2.660000e+01 1.036455e+00 3.983258e-08 1.431125e-02 8.043982e-11
2.660000e+01 1.451071e+00 2.614550e-08 1.871634e-02 3.192926e-11
2.660000e+01 2.031429e+00 1.651148e-08 2.302572e-02 1.218583e-11
2.660000e+01 2.784068e+00 8.813096e-09 2.642811e-02 4.413995e-12
2.660000e+01 3.580407e+00 1.089279e-09 2.460644e-02 8.682220e-13
2.715000e+01 2.094395e-02 1.537130e-09 1.516711e-04 6.874256e-10
2.715000e+01 3.183814e-02 1.956483e-09 2.048860e-04 5.647881e-10
2.715000e+01 4.770840e-02 3.175851e-09 3.266164e-04 5.528447e-10
2.715000e+01 7.025257e-02 6.733566e-09 6.967068e-04 6.836900e-10
2.715000e+01 9.773653e-02 1.111061e-08 1.151754e-03 7.741130e-10
2.715000e+01 1.368335e-01 1.441474e-08 1.511929e-03 5.742968e-10
2.715000e+01 1.929536e-01 2.211164e-08 2.358202e-03 5.422191e-10
2.715000e+01 2.695639e-01 2.976772e-08 3.329134e-03 4.493785e-10
2.715000e+01 3.777252e-01 3.711290e-08 4.614525e-03 3.363077e-10
2.715000e+01 5.288205e-01 4.317693e-08 6.689696e-03 2.385794e-10
2.715000e+01 7.401737e-01 4.388569e-08 9.854811e-03 1.465301e-10
2.715000e+01 1.036455e+00 3.614638e-08 1.401425e-02 7.299575e-11
2.715000e+01 1.451071e+00 2.371535e-08 1.829883e-02 2.896152e-11
2.715000e+01 2.031429e+00 1.587468e-08 2.257401e-02 1.171585e-11
2.715000e+01 2.784068e+00 8.743241e-09 2.602640e-02 4.379008e-12
2.715000e+01 3.580407e+00 9.914532e-10 2.448322e-02 7.902492e-13
2.771000e+01 2.094395e-02 1.212668e-09 1.457712e-04 5.423216e-10
2.771000e+01 3.183814e-02 1.787356e-09 1.968414e-04 5.159652e-10
2.771000e+01 4.770840e-02 2.902649e-09 3.135160e-04 5.052863e-10
2.771000e+01 7.025257e-02 6.148913e-09 6.696167e-04 6.243276e-10
2.771000e+01 9.773653e-02 1.002861e-08 1.107799e-03 6.987266e-10
2.771000e+01 1.368335e-01 1.306036e-08 1.452725e-03 5.203373e-10
2.771000e+01 1.929536e-01 2.009069e-08 2.270994e-03 4.926615e-10
2.771000e+01 2.695639e-01 2.710782e-08 3.212986e-03 4.092242e-10
2.771000e+01 3.777252e-01 3.375457e-08 4.477445e-03 3.058754e-10
2.771000e+01 5.288205e-01 3.922947e-08 6.540973e-03 2.167672e-10
2.771000e+01 7.401737e-01 3.982216e-08 9.662298e-03 1.329623e-10
2.771000e+01 1.036455e+00 3.269742e-08 1.372231e-02 6.603075e-11
2.771000e+01 1.451071e+00 2.169451e-08 1.789391e-02 2.649365e-11
2.771000e+01 2.031429e+00 1.536589e-08 2.213459e-02 1.134035e-11
2.771000e+01 2.784068e+00 8.278548e-09 2.563700e-02 4.146269e-12
2.771000e+01 3.580407e+00 7.935377e-10 2.436199e-02 6.324984e-13
2.829000e+01 2.094395e-02 1.226130e-09 1.399994e-04 5.483421e-10
2.829000e+01 3.183814e-02 1.614340e-09 1.889666e-04 4.660198e-10
2.829000e+01 4.770840e-02 2.606123e-09 3.007445e-04 4.536678e-10
2.829000e+01 7.025257e-02 5.540761e-09 6.429946e-04 5.625790e-10
2.829000e+01 9.773653e-02 9.133690e-09 1.064554e-03 6.363743e-10
2.829000e+01 1.368335e-01 1.185900e-08 1.394626e-03 4.724737e-10
2.829000e+01 1.929536e-01 1.816915e-08 2.186286e-03 4.455419e-10
2.829000e+01 2.695639e-01 2.444237e-08 3.100520e-03 3.689861e-10
2.829000e+01 3.777252e-01 3.046021e-08 4.346649e-03 2.760228e-10
2.829000e+01 5.288205e-01 3.542106e-08 6.397934e-03 1.957233e-10
2.829000e+01 7.401737e-01 3.585258e-08 9.468013e-03 1.197083e-10
2.829000e+01 1.036455e+00 2.941268e-08 1.343332e-02 5.939737e-11
2.829000e+01 1.451071e+00 1.973317e-08 1.747401e-02 2.409843e-11
2.829000e+01 2.031429e+00 1.463828e-08 2.172723e-02 1.080336e-11
2.829000e+01 2.784068e+00 7.920647e-09 2.528540e-02 3.967016e-12
2.829000e+01 3.580407e+00 8.290260e-10 2.423508e-02 6.607848e-13
2.887000e+01 2.094395e-02 1.067111e-09 1.345865e-04 4.772264e-10
2.887000e+01 3.183814e-02 1.445043e-09 1.815518e-04 4.171480e-10
2.887000e+01 4.770840e-02 2.342475e-09 2.887102e-04 4.077725e-10
2.887000e+01 7.025257e-02 4.945082e-09 6.180318e-04 5.020970e-10
2.887000e+01 9.773653e-02 8.187318e-09 1.023819e-03 5.704375e-10
2.887000e+01 1.368335e-01 1.066275e-08 1.340285e-03 4.248142e-10
2.887000e+01 1.929536e-01 1.625247e-08 2.106806e-03 3.985411e-10
2.887000e+01 2.695639e-01 2.186886e-08 2.993963e-03 3.301360e-10
2.887000e+01 3.777252e-01 2.721139e-08 4.224387e-03 2.465828e-10
2.887000e+01 5.288205e-01 3.166687e-08 6.259822e-03 1.749791e-10
2.887000e+01 7.401737e-01 3.201569e-08 9.285083e-03 1.068973e-10
2.887000e+01 1.036455e+00 2.625612e-08 1.314085e-02 5.302286e-11
2.887000e+01 1.451071e+00 1.782039e-08 1.708602e-02 2.176251e-11
2.887000e+01 2.031429e+00 1.367035e-08 2.132464e-02 1.008901e-11
2.887000e+01 2.784068e+00 7.639501e-09 2.490522e-02 3.826206e-12
2.887000e+01 3.580407e+00 1.072414e-09 2.415964e-02 8.547802e-13
2.947000e+01 2.094395e-02 8.613281e-10 1.292818e-04 3.851976e-10
2.947000e+01 3.183814e-02 1.278286e-09 1.743217e-04 3.690095e-10
2.947000e+01 4.770840e-02 2.072185e-09 2.769930e-04 3.607212e-10
2.947000e+01 7.025257e-02 4.360786e-09 5.938442e-04 4.427708e-10
2.947000e+01 9.773653e-02 7.210313e-09 9.843130e-04 5.023663e-10
2.947000e+01 1.368335e-01 9.373824e-09 1.286818e-03 3.734621e-10
2.947000e+01 1.929536e-01 1.437535e-08 2.029185e-03 3.525108e-10
2.947000e+01 2.695639e-01 1.931381e-08 2.890896e-03 2.915645e-10
2.947000e+01 3.777252e-01 2.401388e-08 4.105897e-03 2.176078e-10
2.947000e+01 5.288205e-01 2.796359e-08 6.123314e-03 1.545162e-10
2.947000e+01 7.401737e-01 2.827608e-08 9.100554e-03 9.441108e-11
2.947000e+01 1.036455e+00 2.322843e-08 1.284703e-02 4.690860e-11
2.947000e+01 1.451071e+00 1.592849e-08 1.670819e-02 1.945210e-11
2.947000e+01 2.031429e+00 1.253420e-08 2.089839e-02 9.250503e-12
2.947000e+01 2.784068e+00 7.452122e-09 2.456203e-02 3.732358e-12
2.947000e+01 3.580407e+00 1.297338e-09 2.404352e-02 1.034058e-12
3.008000e+01 2.094395e-02 6.206762e-10 1.242334e-04 2.775748e-10
3.008000e+01 3.183814e-02 1.115001e-09 1.673800e-04 3.218731e-10
3.008000e+01 4.770840e-02 1.807180e-09 2.657817e-04 3.145897e-10
3.008000e+01 7.025257e-02 3.792678e-09 5.706420e-04 3.850881e-10
3.008000e+01 9.773653e-02 6.318334e-09 9.463742e-04 4.402192e-10
3.008000e+01 1.368335e-01 8.163685e-09 1.235723e-03 3.252490e-10
3.008000e+01 1.929536e-01 1.250964e-08 1.954934e-03 3.067601e-10
3.008000e+01 2.695639e-01 1.680686e-08 2.793322e-03 2.537192e-10
3.008000e+01 3.777252e-01 2.090622e-08 3.993448e-03 1.894469e-10
3.008000e+01 5.288205e-01 2.435361e-08 5.991664e-03 1.345688e-10
3.008000e+01 7.401737e-01 2.464617e-08 8.920370e-03 8.229116e-11
3.008000e+01 1.036455e+00 2.027772e-08 1.255244e-02 4.094981e-11
3.008000e+01 1.451071e+00 1.398342e-08 1.634903e-02 1.707675e-11
3.008000e+01 2.031429e+00 1.125972e-08 2.046741e-02 8.309909e-12
3.008000e+01 2.784068e+00 7.304033e-09 2.420459e-02 3.658188e-12
3.008000e+01 3.580407e+00 1.649772e-09 2.387024e-02 1.314969e-12
3.070000e+01 2.094395e-02 4.707354e-10 1.194129e-04 2.105193e-10
3.070000e+01 3.183814e-02 9.522253e-10 1.607396e-04 2.748838e-10
3.070000e+01 4.770840e-02 1.540375e-09 2.550456e-04 2.681450e-10
3.070000e+01 7.025257e-02 3.256502e-09 5.485048e-04 3.306477e-10
3.070000e+01 9.773653e-02 5.365375e-09 9.100924e-04 3.738234e-10
3.070000e+01 1.368335e-01 6.990897e-09 1.186846e-03 2.785240e-10
3.070000e+01 1.929536e-01 1.068412e-08 1.883889e-03 2.619947e-10
3.070000e+01 2.695639e-01 1.439051e-08 2.701286e-03 2.172415e-10
3.070000e+01 3.777252e-01 1.788718e-08 3.888413e-03 1.620891e-10
3.070000e+01 5.288205e-01 2.081554e-08 5.862247e-03 1.150188e-10
3.070000e+01 7.401737e-01 2.108778e-08 8.733056e-03 7.041004e-11
3.070000e+01 1.036455e+00 1.736904e-08 1.225739e-02 3.507588e-11
3.070000e+01 1.451071e+00 1.202116e-08 1.597874e-02 1.468041e-11
3.070000e+01 2.031429e+00 9.862656e-09 2.007781e-02 7.278850e-12
3.070000e+01 2.784068e+00 6.875088e-09 2.384458e-02 3.443353e-12
3.070000e+01 3.580407e+00 1.796465e-09 2.378597e-02 1.431893e-12
3.134000e+01 2.094395e-02 8.178412e-10 1.147473e-04 3.657497e-10
3.134000e+01 3.183814e-02 7.931124e-10 1.543006e-04 2.289518e-10
3.134000e+01 4.770840e-02 1.282859e-09 2.447223e-04 2.233171e-10
3.134000e+01 7.025257e-02 2.723931e-09 5.268534e-04 2.765733e-10
3.134000e+01 9.773653e-02 4.452260e-09 8.753039e-04 3.102036e-10
3.134000e+01 1.368335e-01 5.756517e-09 1.139307e-03 2.293451e-10
3.134000e+01 1.929536e-01 8.907360e-09 1.814530e-03 2.184253e-10
3.134000e+01 2.695639e-01 1.199043e-08 2.613099e-03 1.810095e-10
3.134000e+01 3.777252e-01 1.493984e-08 3.785134e-03 1.353811e-10
3.134000e+01 5.288205e-01 1.737817e-08 5.735146e-03 9.602518e-11
3.134000e+01 7.401737e-01 1.754679e-08 8.546237e-03 5.858703e-11
3.134000e+01 1.036455e+00 1.445262e-08 1.196641e-02 2.918631e-11
3.134000e+01 1.451071e+00 9.872172e-09 1.561645e-02 1.205604e-11
3.134000e+01 2.031429e+00 7.713479e-09 1.967233e-02 5.692711e-12
3.134000e+01 2.784068e+00 5.018634e-09 2.351590e-02 2.513558e-12
3.134000e+01 3.580407e+00 1.050810e-09 2.367562e-02 8.375600e-13
3.198000e+01 2.094395e-02 4.026542e-10 1.103504e-04 1.800724e-10
3.198000e+01 3.183814e-02 6.391192e-10 1.482586e-04 1.844978e-10
3.198000e+01 4.770840e-02 1.036632e-09 2.351119e-04 1.804544e-10
3.198000e+01 7.025257e-02 2.181668e-09 5.063449e-04 2.215148e-10
3.198000e+01 9.773653e-02 3.647168e-09 8.424998e-04 2.541102e-10
3.198000e+01 1.368335e-01 4.703251e-09 1.094895e-03 1.873820e-10
3.198000e+01 1.929536e-01 7.169625e-09 1.749935e-03 1.758127e-10
3.198000e+01 2.695639e-01 9.636958e-09 2.530662e-03 1.454811e-10
3.198000e+01 3.777252e-01 1.201022e-08 3.688533e-03 1.088336e-10
3.198000e+01 5.288205e-01 1.398263e-08 5.613012e-03 7.726274e-11
3.198000e+01 7.401737e-01 1.418196e-08 8.364424e-03 4.735218e-11
3.198000e+01 1.036455e+00 1.162557e-08 1.169171e-02 2.347723e-11
3.198000e+01 1.451071e+00 7.796400e-09 1.526509e-02 9.521075e-12
3.198000e+01 2.031429e+00 5.722757e-09 1.927713e-02 4.223517e-12
3.198000e+01 2.784068e+00 3.507673e-09 2.316689e-02 1.756800e-12
3.198000e+01 3.580407e+00 5.672544e-10 2.364477e-02 4.521366e-13
3.264000e+01 2.094395e-02 5.864697e-10 1.060887e-04 2.622772e-10
3.264000e+01 3.183814e-02 4.907841e-10 1.424131e-04 1.416772e-10
3.264000e+01 4.770840e-02 7.952013e-10 2.258040e-04 1.384268e-10
3.264000e+01 7.025257e-02 1.691471e-09 4.865180e-04 1.717429e-10
3.264000e+01 9.773653e-02 2.806009e-09 8.107887e-04 1.955039e-10
3.264000e+01 1.368335e-01 3.573295e-09 1.052444e-03 1.423635e-10
3.264000e+01 1.929536e-01 5.545302e-09 1.687789e-03 1.359813e-10
3.264000e+01 2.695639e-01 7.423044e-09 2.453431e-03 1.120595e-10
3.264000e+01 3.777252e-01 9.248178e-09 3.595691e-03 8.380467e-11
3.264000e+01 5.288205e-01 1.075545e-08 5.486621e-03 5.943055e-11
3.264000e+01 7.401737e-01 1.084906e-08 8.182657e-03 3.622394e-11
3.264000e+01 1.036455e+00 8.860383e-09 1.141571e-02 1.789308e-11
3.264000e+01 1.451071e+00 5.788935e-09 1.492456e-02 7.069530e-12
3.264000e+01 2.031429e+00 3.993405e-09 1.891130e-02 2.947217e-12
3.264000e+01 2.784068e+00 2.309983e-09 2.284728e-02 1.156943e-12
3.264000e+01 3.580407e+00 2.956315e-10 2.354440e-02 2.356365e-13
3.332000e+01 2.094395e-02 5.486017e-11 1.019781e-04 2.453421e-11
3.332000e+01 3.183814e-02 3.323116e-10 1.367446e-04 9.593010e-11
3.332000e+01 4.770840e-02 5.295085e-10 2.168837e-04 9.217561e-11
3.332000e+01 7.025257e-02 1.136355e-09 4.671613e-04 1.153794e-10
3.332000e+01 9.773653e-02 1.846011e-09 7.799109e-04 1.286177e-10
3.332000e+01 1.368335e-01 2.383034e-09 1.012326e-03 9.494236e-11
3.332000e+01 1.929536e-01 3.733420e-09 1.628972e-03 9.155050e-11
3.332000e+01 2.695639e-01 5.068914e-09 2.380243e-03 7.652117e-11
3.332000e+01 3.777252e-01 6.341190e-09 3.506240e-03 5.746227e-11
3.332000e+01 5.288205e-01 7.406768e-09 5.359527e-03 4.092699e-11
3.332000e+01 7.401737e-01 7.526949e-09 8.000706e-03 2.513175e-11
3.332000e+01 1.036455e+00 6.126354e-09 1.114279e-02 1.237185e-11
3.332000e+01 1.451071e+00 3.876782e-09 1.459133e-02 4.734382e-12
3.332000e+01 2.031429e+00 2.455310e-09 1.852760e-02 1.812071e-12
3.332000e+01 2.784068e+00 1.390570e-09 2.250615e-02 6.964600e-13
3.332000e+01 3.580407e+00 1.462556e-10 2.352552e-02 1.165747e-13
3.400000e+01 2.094395e-02 2.553779e-11 9.813651e-05 1.142085e-11
3.400000e+01 3.183814e-02 1.830380e-10 1.314524e-04 5.283852e-11
3.400000e+01 4.770840e-02 2.769674e-10 2.086101e-04 4.821384e-11
3.400000e+01 7.025257e-02 6.086643e-10 4.491121e-04 6.180049e-11
3.400000e+01 9.773653e-02 9.547432e-10 7.505294e-04 6.652011e-11
3.400000e+01 1.368335e-01 1.293658e-09 9.750244e-04 5.154057e-11
3.400000e+01 1.929536e-01 2.073689e-09 1.574524e-03 5.085076e-11
3.400000e+01 2.695639e-01 2.873925e-09 2.313366e-03 4.338525e-11
3.400000e+01 3.777252e-01 3.608851e-09 3.420300e-03 3.270250e-11
3.400000e+01 5.288205e-01 4.233414e-09 5.236586e-03 2.339224e-11
3.400000e+01 7.401737e-01 4.312580e-09 7.822830e-03 1.439928e-11
3.400000e+01 1.036455e+00 3.498586e-09 1.088079e-02 7.065212e-12
3.400000e+01 1.451071e+00 2.128770e-09 1.427653e-02 2.599685e-12
3.400000e+01 2.031429e+00 1.202417e-09 1.819589e-02 8.874097e-13
3.400000e+01 2.784068e+00 6.460783e-10 2.219742e-02 3.235850e-13
3.400000e+01 3.580407e+00 4.108336e-11 2.344314e-02 3.274596e-14
3.470000e+01 2.094395e-02 5.135548e-12 9.440365e-05 2.296687e-12
3.470000e+01 3.183814e-02 4.588431e-11 1.263248e-04 1.324566e-11
3.470000e+01 4.770840e-02 5.807917e-11 2.006749e-04 1.011029e-11
3.470000e+01 7.025257e-02 1.445177e-10 4.313991e-04 1.467355e-11
3.470000e+01 9.773653e-02 2.128135e-10 7.222011e-04 1.482742e-11
3.470000e+01 1.368335e-01 2.860623e-10 9.394402e-04 1.139700e-11
3.470000e+01 1.929536e-01 4.740194e-10 1.522135e-03 1.162385e-11
3.470000e+01 2.695639e-01 6.540168e-10 2.248008e-03 9.873147e-12
3.470000e+01 3.777252e-01 8.228955e-10 3.338620e-03 7.456872e-12
3.470000e+01 5.288205e-01 9.649865e-10 5.113144e-03 5.332150e-12
3.470000e+01 7.401737e-01 9.877785e-10 7.633798e-03 3.298096e-12
3.470000e+01 1.036455e+00 7.974789e-10 1.062806e-02 1.610467e-12
3.470000e+01 1.451071e+00 4.838851e-10 1.396503e-02 5.909274e-13
3.470000e+01 2.031429e+00 2.419062e-10 1.785746e-02 1.785319e-13
3.470000e+01 2.784068e+00 1.143433e-10 2.191617e-02 5.726826e-14
3.470000e+01 3.580407e+00 9.569207e-12 2.342214e-02 7.627247e-15
