034.70
034.00
033.32
032.64
031.98
031.34
030.70
030.08
029.47
028.87
028.29
027.71
027.15
026.60
026.06
025.53
025.01
024.50
024.00
023.51
023.03
022.56
022.09
021.64
021.20
020.76
020.34
019.92
019.51
019.10
018.71
018.32
017.94
017.57
017.21
016.85
016.50
016.16
015.82
015.49
015.17
014.85
014.54
014.24
013.94
013.65
013.36
013.08
012.80
012.53
012.26
012.00
011.75
011.50
011.25
011.01
010.78
010.55
010.32
010.10
009.88
009.67
009.46
009.25
009.05
008.86
008.66
008.47
008.29
008.11
007.93
007.75
007.58
007.41
007.25
007.09
006.93
006.77
006.62
006.47
006.32
006.18
006.04
005.90
